	Predicted_signature_1	Predicted_signature_2	Predicted_signature_3	Predicted_signature_4	Predicted_signature_5	Predicted_signature_6	Predicted_signature_7	Predicted_signature_8	Predicted_signature_9	Predicted_signature_10	Predicted_signature_11	Predicted_signature_12	
Sample_1	0.436153	0.0	0.09109	0.025047	0.179004	0.014297	0.026662	0.078534	0.114102	0.011342	0.004639	0.019131	
Sample_2	0.409454	0.0	0.064691	0.055477	0.102888	0.036569	0.026631	0.129165	0.127758	0.024343	0.003188	0.019835	
Sample_3	0.45389	0.014534	0.087593	0.030971	6.4e-05	0.036832	0.00265	0.15609	0.153855	0.028594	0.006769	0.028158	
Sample_4	0.573016	0.0	2.9e-05	0.0	0.007	0.211549	0.0	0.080123	0.089375	0.012079	0.014652	0.012176	
Sample_5	0.294109	0.0	0.212565	0.022496	0.056633	0.064604	0.0	0.186081	0.085903	0.032259	0.023832	0.021517	
Sample_6	0.311473	1e-06	0.280013	0.046619	0.051369	0.036493	0.0	0.153442	0.076469	0.007698	0.010068	0.026355	
Sample_7	0.32544	0.006738	0.217344	0.089513	4.7e-05	0.043579	0.0	0.14982	0.077394	0.034255	0.019393	0.036479	
Sample_8	0.372446	0.0	0.154968	1e-06	0.026466	0.100398	0.0	0.178677	0.05685	0.03064	0.013011	0.066542	
Sample_9	0.333842	0.0	0.013914	0.009	0.108972	7e-06	0.023921	0.240991	0.091963	0.089025	0.030457	0.057909	
Sample_10	0.33583	0.024088	0.000149	0.028624	0.000241	0.118825	0.0	0.20961	0.114112	0.130613	0.022525	0.015383	
Sample_11	0.32231	0.0	0.006469	0.014084	0.022512	7e-06	0.0	0.284306	0.283513	0.021508	0.027988	0.017303	
Sample_12	0.376765	0.006992	0.075645	0.016225	9.1e-05	0.022501	0.0	0.288001	0.173531	0.004993	0.011111	0.024145	
Sample_13	0.289657	0.0	0.08675	1e-06	8.9e-05	0.024448	0.020188	0.440059	0.057637	0.022156	0.010006	0.049009	
Sample_14	0.27071	0.001398	0.106083	0.016888	0.008224	0.060382	0.0	0.458045	0.046661	0.022401	0.008225	0.000983	
Sample_15	0.264078	1e-06	0.084583	0.033458	0.035552	0.078759	0.0	0.379361	0.07374	0.016387	0.018974	0.015107	
Sample_16	0.287075	1e-06	0.121053	0.003526	0.047275	5e-06	0.002783	0.476703	0.006179	0.008773	0.009206	0.037422	
Sample_17	0.271194	0.0	0.147456	1e-06	0.053272	0.004767	0.018901	0.447102	0.025992	0.003249	0.005268	0.022798	
Sample_18	0.276582	0.004338	0.089253	0.011514	0.062922	0.006259	0.0	0.387811	0.10772	0.013097	0.013988	0.026517	
Sample_19	0.206585	0.006223	0.171948	0.025973	0.023031	0.047153	0.0	0.430673	0.044803	0.018081	0.016003	0.009526	
Sample_20	0.205195	0.014755	0.22525	1e-06	0.022682	0.077085	0.005278	0.350597	0.05877	0.016042	0.008754	0.015592	
Sample_21	0.289269	0.016065	8.9e-05	1e-06	0.000116	0.112482	0.0	0.430283	0.017159	0.046437	0.044575	0.043524	
Sample_22	0.308041	0.0	0.157665	1e-06	7.7e-05	0.044523	0.0	0.296099	0.082474	0.016958	0.014809	0.079352	
Sample_23	0.352307	0.0	0.156219	0.006911	0.001109	0.03536	0.007526	0.285468	0.070174	0.024671	0.007309	0.052945	
Sample_24	0.28509	0.0	0.177356	0.026858	7.2e-05	0.01743	0.0	0.308922	0.050352	0.031693	0.025195	0.077032	
Sample_25	0.329651	0.006974	0.105083	1e-06	0.032058	0.029612	0.0	0.272983	0.078428	0.048286	0.028205	0.068719	
Sample_26	0.342889	0.007777	0.074294	0.020176	0.039055	0.064027	0.009671	0.281758	0.056817	0.038972	0.015177	0.049386	
Sample_27	0.273627	1e-06	0.147072	2e-06	0.000161	0.090377	0.0	0.292159	0.135708	0.035596	0.017159	0.008138	
Sample_28	0.150947	0.0	0.381101	0.042998	8.8e-05	0.039424	0.0	0.213714	0.106822	0.01789	0.017313	0.029702	
Sample_29	0.160837	0.007639	0.359817	0.018062	0.046345	8e-06	0.0	0.234948	0.086956	0.030738	0.02505	0.029599	
Sample_30	0.1161	0.003069	0.394433	0.0	0.067522	0.047292	0.0	0.238666	0.054564	0.016588	0.008087	0.053679	
Sample_31	0.094674	0.0	0.450443	0.037674	0.0018	0.085001	0.0	0.094529	0.180788	0.028946	0.01313	0.013015	
Sample_32	0.068112	1e-06	0.282352	5e-06	0.000353	0.053372	0.089231	0.401493	0.010873	0.041927	0.03402	0.018262	
Sample_33	0.126902	0.005238	0.261846	1e-06	0.171342	0.06576	0.0	0.226254	0.025362	0.037689	0.012512	0.067094	
Sample_34	0.140002	1e-06	0.254184	3e-06	0.204287	0.025455	1e-06	0.289773	0.014522	0.034748	0.01034	0.026685	
Sample_35	0.223417	1e-06	0.124594	0.008559	0.154205	0.081138	0.0	0.289279	0.021561	0.036734	0.011359	0.049153	
Sample_36	0.119322	0.001951	0.134872	0.013338	0.264928	0.060672	0.006956	0.217979	0.082324	0.034525	0.020232	0.0429	
Sample_37	0.124135	0.001733	0.131472	0.015459	0.304209	0.018032	0.009852	0.211066	0.106638	0.012347	0.006301	0.058754	
Sample_38	0.157168	1e-06	0.148448	0.008029	0.245547	0.030308	0.0	0.24689	0.049093	0.050033	0.022935	0.041548	
Sample_39	0.087123	1e-06	0.16347	2e-06	0.264957	0.018327	1e-06	0.190081	0.149687	0.05468	0.009517	0.062154	
Sample_40	0.162009	1e-06	0.177595	2e-06	0.196059	0.025844	0.0	0.199925	0.050759	0.042151	0.039627	0.106027	
Sample_41	0.169428	0.005315	0.126542	0.032782	0.202775	2e-05	0.0	0.18721	0.073022	0.094346	0.028194	0.080366	
Sample_42	0.159581	0.006841	0.124128	0.059679	0.157897	0.065583	0.0	0.166306	0.129958	0.061509	0.026565	0.041952	
Sample_43	0.194282	0.0	0.172439	0.031902	0.211071	0.058495	0.0	0.143505	0.11124	0.01822	0.013096	0.045749	
Sample_44	0.124017	0.0	0.182933	0.005852	0.374481	0.030412	0.011248	0.143529	0.052232	0.035825	0.005354	0.034118	
Sample_45	0.134577	0.008547	0.180126	0.008064	0.331682	5e-06	0.0	0.152549	0.038956	0.066783	0.028149	0.050562	
Sample_46	0.127115	0.0	0.196845	0.005585	0.319221	0.073257	0.013479	0.183216	0.000816	0.045266	0.018159	0.017042	
Sample_47	0.102179	0.00691	0.272157	1e-06	0.335896	0.078587	0.0	0.124364	0.022883	0.017626	0.006497	0.0329	
Sample_48	0.089191	0.0	0.248593	0.017072	0.352516	5e-06	0.016373	0.072893	0.050513	0.03387	0.022377	0.096597	
Sample_49	0.094847	0.0	0.330856	0.005056	0.305632	5e-06	0.018914	0.143424	0.028358	0.022174	0.031395	0.019336	
Sample_50	0.056009	0.0	0.392105	0.001416	0.259963	0.023989	0.015711	0.170613	0.000265	0.031645	0.005371	0.042914	
Sample_51	0.120679	0.00745	0.029675	0.011113	0.387976	0.052654	0.0	0.165286	0.143181	0.016338	0.027359	0.038289	
Sample_52	0.173154	0.000899	0.068904	0.056749	0.354182	0.02474	0.004921	0.127815	0.138398	0.032894	0.015052	0.002291	
Sample_53	0.134893	2e-06	0.000268	4e-06	0.465669	0.035492	1e-06	0.071083	0.194814	0.015557	0.058124	0.024092	
Sample_54	0.132788	0.011645	0.114755	1e-06	0.363476	0.01487	0.0	0.063946	0.159555	0.054951	0.027465	0.056548	
Sample_55	0.135447	0.009437	0.113458	0.014628	0.348292	0.016248	0.0	0.069038	0.163145	0.045989	0.026295	0.058025	
Sample_56	0.19279	0.0	0.032139	0.004496	0.363461	0.016127	0.010506	0.090425	0.136554	0.031226	0.014678	0.107598	
Sample_57	0.147284	0.00103	0.146068	0.027067	0.397504	0.069315	0.0	0.051562	0.068949	0.040649	0.014906	0.035666	
Sample_58	0.046669	0.0	0.147686	0.012554	0.467672	0.024658	0.006781	0.054305	0.139373	0.043693	0.013592	0.043016	
Sample_59	0.22575	1e-06	0.000221	4e-06	0.552901	3.1e-05	1e-06	0.08724	0.030572	0.02025	0.020331	0.062697	
Sample_60	0.176869	0.0	0.060068	0.023592	0.355666	0.050335	0.017258	0.114023	0.040373	0.094565	0.010128	0.057121	
Sample_61	0.10276	1e-06	0.077743	5e-06	0.376669	0.051548	0.017867	0.175787	0.066441	0.001567	0.009503	0.120111	
Sample_62	0.056444	1e-06	0.090341	0.026568	0.366407	1.3e-05	0.038942	0.218164	0.061261	0.018464	0.056316	0.067079	
Sample_63	0.282626	0.0	0.042782	1e-06	0.34432	0.035157	0.0	0.158298	0.043232	0.012327	0.010364	0.070893	
Sample_64	0.290591	0.001268	0.036414	0.016244	0.344373	0.033757	0.0	0.123187	0.060766	0.01969	0.010733	0.062978	
Sample_65	0.278959	0.029162	0.00014	2e-06	0.389739	0.033554	0.0	0.113225	0.042348	0.0188	0.005029	0.089042	
Sample_66	0.239836	0.0	0.016141	0.011842	0.372329	0.024337	0.004022	0.142647	0.081215	0.039303	0.023904	0.044423	
Sample_67	0.251836	0.007443	0.057131	0.021738	0.36719	5e-06	0.0	0.109896	0.059522	0.05267	0.014695	0.057873	
Sample_68	0.292255	0.004703	0.041601	0.014092	0.335299	0.02072	0.002982	0.06665	0.071661	0.038469	0.018584	0.092983	
Sample_69	0.260528	0.0	0.056276	0.008854	0.30973	0.013678	0.008157	0.189049	0.083067	0.021967	0.004977	0.043717	
Sample_70	0.257015	0.0	0.024281	0.0	0.345734	3e-06	0.010178	0.184918	0.094185	0.019664	0.006774	0.057246	
Sample_71	0.264068	0.007531	0.02939	0.020125	0.317739	0.01462	0.00498	0.144845	0.109849	0.017473	0.01518	0.054199	
Sample_72	0.251948	0.0	0.051535	1e-06	0.288146	0.036132	0.0	0.178697	0.069946	0.038775	0.006252	0.078568	
Sample_73	0.221287	0.0	0.024122	1e-06	0.357358	0.054526	0.0	0.185186	0.058842	0.024637	0.010817	0.063223	
Sample_74	0.328671	0.0	0.068956	0.010073	0.282844	0.021852	0.028212	0.11923	0.051776	0.028927	0.027553	0.031906	
Sample_75	0.241279	0.003312	0.008844	0.003027	0.273239	4e-06	0.0	0.176711	0.102402	0.110831	0.022215	0.058136	
Sample_76	0.269535	0.013016	0.130591	0.00093	0.286708	0.025176	0.0	0.137808	0.011053	0.024474	0.004271	0.096438	
Sample_77	0.29367	0.006915	0.058553	2e-06	0.263985	9e-06	0.0	0.207949	0.023543	0.025894	0.01957	0.099911	
Sample_78	0.205761	0.0	0.081214	0.0	0.33271	0.062718	0.0	0.218212	0.035065	0.03091	0.007142	0.026267	
Sample_79	0.192515	0.0	0.084108	1e-06	0.315257	0.075021	0.0	0.234062	0.036364	0.03569	0.004316	0.022666	
Sample_80	0.211103	0.004786	0.095745	1e-06	0.32076	0.047344	0.0	0.200809	0.029636	0.023593	0.004637	0.061586	
Sample_81	0.203911	0.0	0.077113	0.0	0.284465	0.048413	0.00966	0.233459	0.04879	0.02634	0.011351	0.056497	
Sample_82	0.204499	0.0	0.071887	1e-06	0.296135	0.093626	0.00871	0.250501	0.000924	0.010007	0.005315	0.058394	
Sample_83	0.127399	0.002589	0.101219	0.016559	0.303264	0.084782	0.0	0.2199	0.038125	0.026868	0.023293	0.056002	
Sample_84	0.195148	0.0	0.093601	0.009673	0.303146	0.057724	0.0	0.143748	0.106354	0.017205	0.007676	0.065724	
Sample_85	0.172668	0.0	0.085203	0.021254	0.341457	0.053481	0.0	0.165634	0.06683	0.029902	0.030167	0.033403	
Sample_86	0.162583	0.007202	0.086225	1e-06	0.334108	0.020963	0.003305	0.226931	0.071964	0.035047	0.010021	0.041652	
Sample_87	0.207749	0.0	0.070894	0.002434	0.35853	8e-06	0.009048	0.227954	0.041239	0.025171	0.012288	0.044685	
Sample_88	0.174184	0.009907	0.082589	0.008288	0.367925	4e-06	0.0	0.184128	0.05427	0.036369	0.030527	0.051809	
Sample_89	0.130405	0.003032	0.078427	0.009014	0.375239	4e-06	0.011106	0.238742	0.05105	0.030586	0.019114	0.05328	
Sample_90	0.172452	1e-06	0.037863	1e-06	0.40588	2.4e-05	0.00656	0.223116	0.078896	0.012553	0.002938	0.059714	
Sample_91	0.172644	0.0	0.022835	0.003065	0.384512	5e-06	0.0	0.238237	0.102762	0.021089	0.011346	0.043505	
Sample_92	0.225988	0.0	4.1e-05	0.001452	0.399304	3e-06	0.003102	0.25851	0.047905	0.007167	0.006588	0.04994	
Sample_93	0.188626	0.0	4.9e-05	0.014129	0.36062	0.033588	0.010484	0.256304	0.030954	0.044082	0.011617	0.049545	
Sample_94	0.18903	1e-06	0.053402	0.001697	0.336079	5e-06	0.002055	0.208517	0.072686	0.101848	0.012457	0.022225	
Sample_95	0.15172	0.0	0.03134	0.017263	0.340366	0.025265	0.0	0.281599	0.086819	0.023989	0.006041	0.035597	
Sample_96	0.170577	0.0	0.058489	0.011746	0.285066	9e-06	0.009411	0.264274	0.065353	0.039674	0.009852	0.085548	
Sample_97	0.208667	0.013242	6.6e-05	1e-06	0.320735	7e-06	0.0	0.325964	0.03469	0.042533	0.016007	0.038088	
Sample_98	0.19954	0.010373	0.036163	1e-06	0.285218	7e-06	0.0	0.322027	0.057079	0.0322	0.005009	0.052382	
Sample_99	0.231668	1e-06	0.000244	0.027013	0.279102	2.1e-05	1e-06	0.283832	0.023946	0.052835	0.028742	0.072595	
Sample_100	0.253547	1e-06	0.028929	2e-06	0.318931	1.2e-05	0.002752	0.25381	0.056836	0.034038	0.007532	0.04361	
Sample_101	0.198363	0.004381	0.03267	1e-06	0.300733	0.028413	0.012943	0.253328	0.085434	0.024642	0.007701	0.051393	
Sample_102	0.209612	0.001336	0.071299	0.03473	0.292513	0.014478	0.0	0.221347	0.079776	0.018953	0.023917	0.032039	
Sample_103	0.253676	0.0	0.0225	0.004321	0.278473	6e-06	0.010227	0.23812	0.117636	0.023135	0.018044	0.033861	
Sample_104	0.202299	0.0	0.02026	0.035352	0.246883	0.042096	0.029078	0.210711	0.091123	0.064161	0.027148	0.030888	
Sample_105	0.171291	0.000967	0.027347	0.002065	0.277261	0.018976	0.006339	0.24071	0.159009	0.032341	0.025297	0.038397	
Sample_106	0.115735	0.0	0.000112	1e-06	0.312289	1e-05	0.0	0.276643	0.19139	0.043817	0.008972	0.05103	
Sample_107	0.191598	0.0	0.034539	1e-06	0.341073	7e-06	0.013603	0.03848	0.211626	0.09245	0.05156	0.025063	
Sample_108	0.195701	0.00809	1.8e-05	0.008612	0.308228	0.042781	0.0	0.019296	0.2271	0.052931	0.04034	0.096903	
Sample_109	0.265234	0.002797	2.7e-05	0.006401	0.386102	0.008811	0.0	0.089077	0.1715	0.027503	0.008919	0.03363	
Sample_110	0.30018	0.0	9.6e-05	1e-06	0.339942	0.019447	0.01525	0.075997	0.148869	0.014727	0.018159	0.067331	
Sample_111	0.271684	0.003892	0.011224	0.0	0.31786	2e-06	0.0	0.072386	0.229577	0.023211	0.013757	0.056407	
Sample_112	0.245877	0.006824	0.068258	0.017706	0.265219	0.022975	0.0	0.096638	0.187679	0.03393	0.021027	0.033867	
Sample_113	0.246243	0.004132	0.067397	1e-06	0.305613	0.013566	0.0	0.091479	0.148157	0.057608	0.010649	0.055154	
Sample_114	0.265281	0.0	0.018957	1e-06	0.283855	0.028474	0.009353	0.093676	0.164915	0.060602	0.035139	0.039747	
Sample_115	0.267603	0.003262	0.034522	0.018541	0.283086	0.053426	0.0	0.050132	0.149817	0.066936	0.021488	0.051188	
Sample_116	0.266379	0.0	0.071032	1e-06	0.22293	0.047852	0.0	0.157885	0.181185	0.017979	0.007744	0.027012	
Sample_117	0.271704	0.0	0.025487	0.05751	0.253931	9e-06	0.0	0.172387	0.182605	0.025564	9.9e-05	0.010703	
Sample_118	0.070205	0.010129	0.109368	0.046076	0.22583	5e-06	0.0	0.472817	0.027794	0.013888	0.012831	0.011056	
Sample_119	0.142921	0.0	0.160982	1e-06	0.238879	1e-05	0.0	0.416715	0.000657	0.012255	0.00963	0.017949	
Sample_120	0.129883	0.0	0.039316	1e-06	0.198428	0.077063	0.0	0.393537	0.001471	0.058335	0.008086	0.093881	
Sample_121	0.216977	0.0	0.028525	0.044753	0.221631	7e-06	0.0	0.321003	0.091452	0.016889	0.006469	0.052293	
Sample_122	0.224475	0.0	0.038361	0.023738	0.212483	8e-06	0.003248	0.393906	0.083498	0.004903	0.004268	0.011111	
Sample_123	0.247928	0.001994	0.059742	0.046095	0.214104	5e-06	0.0	0.266521	0.081964	0.016702	0.030356	0.03459	
Sample_124	0.163751	0.0	0.000246	4e-06	0.338105	2.9e-05	0.0	0.422356	0.028471	0.015405	0.001377	0.030256	
Sample_125	0.104993	0.004906	0.03768	0.028583	0.320367	8e-06	0.0	0.445771	0.018577	0.007372	0.011065	0.020676	
Sample_126	0.19014	0.005771	0.063225	0.005495	0.275151	8e-06	0.0	0.372341	0.020521	0.013631	0.014351	0.039366	
Sample_127	0.213034	0.0	0.03707	1e-06	0.290746	5e-06	0.0	0.39094	0.033523	0.012841	0.010522	0.011318	
Sample_128	0.208325	0.003347	0.006603	0.0	0.282342	4e-06	0.0	0.427767	0.008086	0.00881	0.006251	0.048464	
Sample_129	0.172643	0.0	0.054565	0.016286	0.234347	6e-06	0.003579	0.417955	0.035721	0.021402	0.009111	0.034383	
Sample_130	0.08442	1e-06	0.13383	2e-06	0.223778	1.2e-05	0.015502	0.304928	0.045013	0.134819	0.002999	0.054696	
Sample_131	0.165999	0.0	0.135627	1e-06	0.200909	0.044163	0.0	0.100265	0.162089	0.012763	0.025591	0.152591	
Sample_132	0.102902	0.0	0.211546	0.043723	0.147719	0.080297	0.03961	0.072252	0.181809	0.025532	0.0324	0.062209	
Sample_133	0.126903	0.008225	0.137949	0.018212	0.255595	0.009859	0.0	0.120592	0.285734	0.014438	0.003503	0.018991	
Sample_134	0.19167	0.0	0.052952	0.0	0.296908	0.032738	0.0	0.083478	0.066095	0.038923	0.018008	0.219227	
Sample_135	0.315486	0.002594	0.011155	0.0	0.286804	0.042679	0.0	0.02854	0.054181	0.036853	0.00744	0.214268	
Sample_136	0.210318	0.0	0.023398	0.007926	0.209241	2e-06	0.010694	0.007285	0.051224	0.020648	0.01122	0.448043	
Sample_137	0.217923	0.014293	0.130555	0.041191	0.000119	8e-06	0.0	0.025617	0.436091	0.049845	0.044282	0.040077	
Sample_138	0.207697	0.010533	0.163855	0.008606	0.004752	0.080464	0.0	0.090538	0.273088	0.046711	0.036172	0.077584	
Sample_139	0.006398	0.002712	0.016834	0.0	0.171305	0.027747	0.007062	0.054409	0.552857	0.021809	0.048159	0.090707	
Sample_140	0.009387	0.004322	0.022225	0.001202	0.173953	0.0231	0.0	0.057273	0.567644	0.018065	0.042702	0.080127	
Sample_141	0.011288	0.0	0.221629	0.003346	0.089987	0.009623	0.008039	0.087658	0.064132	0.078152	0.120758	0.305387	
Sample_142	0.006822	0.001207	0.182661	0.001163	0.169575	0.039172	0.015779	0.22287	0.055665	0.045423	0.087385	0.172277	
Sample_143	0.001871	0.030473	0.000156	0.025672	0.031367	0.066251	1e-06	0.226243	0.051679	0.223852	0.051731	0.290705	
Sample_144	0.008831	1e-06	0.028985	3e-06	0.051497	0.045807	0.048959	0.194997	0.023861	0.173327	0.077461	0.34627	
Sample_145	0.02368	0.034513	0.000133	3e-06	0.054632	0.117902	0.020766	0.136827	0.016091	0.193912	0.114199	0.287341	
Sample_146	0.030151	0.018386	0.052447	0.024572	0.031689	0.042231	0.0	0.081777	0.020691	0.190187	0.056952	0.450917	
Sample_147	0.02112	0.022244	0.053085	4e-06	0.023225	0.057929	0.0	0.096528	0.031689	0.183309	0.147311	0.363555	
Sample_148	0.047231	2e-06	0.040465	0.029907	0.000358	0.024813	0.084162	0.078688	0.06148	0.370848	0.116723	0.145323	
Sample_149	0.004943	1e-06	0.098678	3e-06	0.043688	0.070695	0.055792	0.060827	0.046398	0.404974	0.062033	0.151968	
Sample_150	0.009955	0.00953	0.085037	0.064175	0.053224	2.4e-05	0.011521	0.043705	0.07503	0.376696	0.164168	0.106934	
Sample_151	0.079842	0.010301	0.000218	4e-06	0.062987	2.4e-05	1e-06	0.118871	0.107663	0.407405	0.08847	0.124215	
Sample_152	0.087637	1e-06	0.000128	0.006295	0.034518	1.1e-05	0.014957	0.096986	0.099669	0.434619	0.117571	0.107609	
Sample_153	0.089031	1e-06	0.000145	0.023908	0.043232	0.126684	0.0	0.054273	0.020376	0.335484	0.161839	0.145026	
Sample_154	0.004435	1e-06	0.039935	1e-06	0.057342	7e-06	0.004708	0.239344	0.04127	0.56426	0.045503	0.003194	
Sample_155	0.006637	1e-06	0.037061	1e-06	0.051221	8e-06	0.011758	0.212612	0.04157	0.560883	0.057682	0.020567	
Sample_156	0.009324	0.007769	0.017326	1e-06	0.057734	8e-06	0.0	0.222111	0.041268	0.599215	0.034048	0.011197	
Sample_157	0.007346	0.007622	0.017953	1e-06	0.065644	8e-06	0.0	0.220886	0.040235	0.600023	0.030033	0.01025	
Sample_158	0.034757	0.007111	0.004538	0.010251	0.027392	0.004712	0.011369	0.21331	0.156158	0.256053	0.053596	0.220752	
Sample_159	0.063027	0.006032	0.024089	0.024981	0.04707	0.009795	0.001712	0.205651	0.149828	0.234443	0.055169	0.178203	
Sample_160	0.046708	1e-06	0.000355	5e-06	0.054734	3.5e-05	1e-06	0.243959	0.100013	0.269157	0.089841	0.195191	
Sample_161	0.020024	0.016069	0.004408	2e-06	0.031677	0.032117	1e-06	0.168733	0.185125	0.237097	0.131675	0.173073	
Sample_162	0.008133	1e-06	0.000221	2e-06	0.066101	0.03008	0.0	0.16627	0.190436	0.337303	0.063004	0.138449	
Sample_163	0.004257	0.021901	0.000264	0.025778	0.013175	0.020762	0.0	0.13603	0.174046	0.322035	0.10858	0.17317	
Sample_164	0.013351	0.01449	0.000202	3e-06	0.000273	0.011451	1e-06	0.244707	0.149691	0.340671	0.100181	0.12498	
Sample_165	0.033542	0.014927	0.000167	3e-06	0.034381	1.5e-05	0.024067	0.192619	0.128653	0.347499	0.078341	0.145786	
Sample_166	0.020923	0.009395	0.092812	3e-06	0.067452	1.6e-05	1e-06	0.19989	0.169999	0.26204	0.090858	0.086611	
Sample_167	0.004443	0.012264	0.042927	4e-06	0.115428	2.3e-05	1e-06	0.207394	0.173116	0.283201	0.110662	0.050537	
Sample_168	0.045157	2e-06	0.000173	0.086559	0.064289	0.068619	1e-06	0.194026	0.071928	0.344801	0.039302	0.085143	
Sample_169	0.108495	0.025629	0.000314	0.041607	0.047126	2.5e-05	1e-06	0.180328	0.088663	0.372009	0.044961	0.090842	
Sample_170	0.051569	1e-06	0.000198	4e-06	0.067373	0.049482	0.010175	0.238344	0.106873	0.349896	0.072753	0.053332	
Sample_171	0.054727	1e-06	0.000248	2e-06	0.116907	2.3e-05	1e-06	0.290843	0.111177	0.320636	0.07411	0.031327	
Sample_172	0.151262	0.009594	0.000102	0.011764	0.04223	6e-06	0.004584	0.130767	0.15851	0.318991	0.087832	0.084356	
Sample_173	0.123734	1e-06	0.00014	2e-06	0.030582	1.4e-05	0.008063	0.171782	0.155506	0.377042	0.066182	0.066952	
Sample_174	0.128762	0.00352	0.000177	0.027762	0.037296	1.2e-05	0.0	0.202468	0.162263	0.290382	0.071887	0.07547	
Sample_175	0.144294	0.0	0.000154	0.01283	0.06155	1e-05	0.0	0.17151	0.160413	0.284504	0.086386	0.078349	
Sample_176	0.124047	1e-06	0.000296	4e-06	0.00033	0.068657	1e-06	0.138433	0.16343	0.316323	0.07357	0.114909	
Sample_177	0.155676	1e-06	0.00024	3e-06	0.058763	2.7e-05	1e-06	0.210383	0.137073	0.268309	0.06	0.109526	
Sample_178	0.154289	0.013961	0.00024	4e-06	0.074637	2.3e-05	1e-06	0.235025	0.095322	0.248074	0.064041	0.114383	
Sample_179	0.155462	0.00936	0.000232	2e-06	0.050371	1.6e-05	1e-06	0.19545	0.082959	0.29979	0.085916	0.12044	
Sample_180	0.042664	0.015843	0.000117	3e-06	0.045931	2.2e-05	0.037703	0.165117	0.039374	0.36817	0.109874	0.175182	
Sample_181	0.092437	1e-06	0.000265	4e-06	0.037014	2.8e-05	0.046892	0.177814	0.062173	0.365815	0.051212	0.166345	
Sample_182	0.016546	1e-06	0.000163	3e-06	0.011195	1.3e-05	0.077954	0.199699	0.012634	0.405968	0.063683	0.21214	
Sample_183	0.029886	0.038716	0.000181	4e-06	0.046973	3.6e-05	1e-06	0.184087	0.03957	0.4607	0.021016	0.178831	
Sample_184	0.003574	0.060017	0.04649	0.014633	0.032843	2.7e-05	1e-06	0.217226	0.02101	0.419303	0.021843	0.163035	
Sample_185	0.002838	0.005936	9.3e-05	0.014512	0.05036	0.010226	0.042444	0.230928	0.075068	0.295239	0.052624	0.219733	
Sample_186	0.009536	0.021829	0.000122	6e-06	0.058175	3.1e-05	0.073109	0.204413	0.049499	0.281403	0.08799	0.213888	
Sample_187	0.003723	1e-06	0.000293	4e-06	0.090208	2.9e-05	0.014715	0.217506	0.073857	0.334577	0.03937	0.225717	
Sample_188	0.019259	0.021897	0.000211	2e-06	0.056568	2.5e-05	1e-06	0.230546	0.056904	0.368108	0.00959	0.236891	
Sample_189	0.00271	0.004755	0.000189	4e-06	0.050739	0.073722	1e-06	0.22495	0.118805	0.345159	0.016792	0.162174	
Sample_190	0.002283	2e-06	0.000205	0.05182	0.045153	0.092062	1e-06	0.261799	0.05397	0.307002	0.038706	0.147	
Sample_191	0.002702	1e-06	8.8e-05	7e-06	0.07005	0.074898	0.073443	0.177166	0.015744	0.334595	0.121332	0.129974	
Sample_192	0.010215	0.01651	0.000324	0.028743	0.071517	0.06583	1e-06	0.122279	0.055018	0.332507	0.045066	0.25199	
Sample_193	0.002433	0.0594	0.000159	3e-06	0.043132	0.059757	1e-06	0.127286	0.067077	0.300012	0.108986	0.231753	
Sample_194	0.00617	1e-06	0.051036	0.02021	0.045653	0.049198	0.015153	0.150976	0.047533	0.267573	0.094561	0.251934	
Sample_195	0.005544	0.029574	0.000216	0.042734	0.031977	0.041452	0.027443	0.25338	0.081463	0.202761	0.106352	0.177103	
Sample_196	0.016611	0.006633	0.018861	0.057579	0.051505	2.1e-05	0.006134	0.252459	0.053219	0.241694	0.094623	0.200661	
Sample_197	0.001971	1e-06	0.000291	4e-06	0.040691	3.2e-05	0.045769	0.331658	0.04262	0.272124	0.103536	0.161302	
Sample_198	0.002321	1e-06	0.018218	0.019144	0.032915	1.4e-05	0.029719	0.287931	0.058814	0.279037	0.084631	0.187254	
Sample_199	0.037724	1e-06	0.000242	0.046687	0.058511	2.1e-05	0.0	0.29214	0.086024	0.298474	0.040876	0.1393	
Sample_200	0.014608	0.007158	0.000109	0.009156	0.012339	1.9e-05	0.060986	0.330117	0.036107	0.205498	0.05989	0.264012	
Sample_201	0.006786	0.061379	0.001384	0.127208	0.040331	4.2e-05	1e-06	0.29465	0.003343	0.262926	0.037874	0.164077	
Sample_202	0.003692	0.067537	0.000194	3e-06	0.040984	0.054108	1e-06	0.397295	0.012245	0.224221	0.080624	0.119096	
Sample_203	0.01983	0.036881	0.000247	0.044739	0.070521	3.2e-05	1e-06	0.375707	0.046394	0.213939	0.038564	0.153145	
Sample_204	0.005117	0.014688	0.000184	0.038632	0.065616	0.079879	1e-06	0.486267	0.002395	0.2128	0.041598	0.052823	
Sample_205	0.003271	1e-06	0.133292	0.255818	0.03994	2.9e-05	0.019285	0.189464	0.016681	0.192002	0.039304	0.11091	
Sample_206	0.157667	0.0	0.072473	0.002855	3.3e-05	0.013888	0.0	0.632602	0.070516	0.011865	0.009213	0.028889	
Sample_207	0.156183	0.004141	0.091325	1e-06	0.085497	8e-06	0.0	0.601939	0.034286	0.009052	0.005881	0.011688	
Sample_208	0.281866	0.005065	0.042838	0.022767	0.000108	9e-06	0.0	0.589286	0.033401	0.006042	0.007287	0.01133	
Sample_209	0.073553	0.0	0.0294	1e-06	0.173828	7e-06	0.0	0.688876	0.011271	0.002251	0.010794	0.010019	
Sample_210	0.001954	1e-06	0.005181	1e-06	0.036944	1.8e-05	0.147011	0.660437	0.003337	0.074612	0.019863	0.05064	
Sample_211	0.004404	1e-06	0.016145	2e-06	0.03281	0.010229	0.102734	0.594513	0.032606	0.098353	0.035198	0.073005	
Sample_212	0.008759	1e-06	0.029394	4e-06	0.045609	2.4e-05	0.075344	0.583734	0.001366	0.143329	0.05182	0.060615	
Sample_213	0.001077	0.0271	0.000127	3e-06	0.045391	1.3e-05	0.061736	0.633173	0.085925	0.069598	0.008479	0.067378	
Sample_214	0.000578	1e-06	5.7e-05	2e-06	0.054016	8e-06	0.133496	0.592337	0.000352	0.05487	0.023934	0.140351	
Sample_215	0.000877	1e-06	0.014265	0.019147	0.009648	7e-06	0.134524	0.633997	0.008305	0.052979	0.009995	0.116255	
Sample_216	0.011314	1e-06	0.000246	0.033359	0.066128	1.9e-05	0.079178	0.571285	0.014422	0.042468	0.021098	0.160483	
Sample_217	0.008373	1e-06	0.000198	0.021655	0.01644	1.3e-05	0.080482	0.616062	0.037814	0.026796	0.065685	0.126483	
Sample_218	0.156496	1e-06	0.000254	3e-06	0.000246	0.306199	0.022281	0.329663	0.0262	0.114366	0.038958	0.005333	
Sample_219	0.218379	1e-06	0.116903	3e-06	0.000256	0.251491	0.039549	0.219954	0.026105	0.1135	0.009656	0.004202	
Sample_220	0.270578	1e-06	0.127466	0.042468	0.00022	0.203992	1e-06	0.100961	0.056805	0.16061	0.00818	0.028717	
Sample_221	0.186391	0.00411	0.039481	0.0	0.036591	0.441514	0.0	0.057618	0.075675	0.031543	0.020441	0.106637	
Sample_222	0.188075	0.004739	0.045478	0.001539	0.033371	0.408892	0.0	0.051261	0.101575	0.036478	0.019094	0.109499	
Sample_223	0.143674	0.008662	0.078039	0.0	0.033258	0.425841	0.0	0.089767	0.093361	0.039771	0.014579	0.073047	
Sample_224	0.214569	0.0	3.9e-05	1e-06	0.028412	0.56235	0.0	0.059632	0.059171	0.022498	0.022472	0.030857	
Sample_225	0.001692	0.114816	0.000102	2e-06	0.030744	0.280857	0.0	0.139965	0.000756	0.230558	0.051135	0.149372	
Sample_226	0.00045	0.012433	3e-05	1e-06	0.012965	0.076217	0.004316	0.004779	0.05395	0.072881	0.748377	0.0136	
Sample_227	0.002883	0.313544	1.6e-05	0.133434	2e-05	0.009804	0.429647	0.03679	0.059256	0.007574	0.002867	0.004165	
Sample_228	0.000747	0.390713	0.017218	0.0	0.003348	2e-06	0.555471	0.013146	0.003815	0.007441	0.00349	0.004609	
Sample_229	0.001733	0.239973	0.057649	0.045624	0.005968	0.006184	0.569517	0.022692	0.038514	0.001751	1.2e-05	0.010383	
Sample_230	0.000818	0.239855	2.4e-05	0.031324	0.000853	2e-06	0.645684	0.038351	0.031195	0.005259	0.000978	0.005656	
Sample_231	0.00036	0.247475	0.017707	0.077463	0.011415	0.003161	0.514373	0.069245	0.039078	0.002464	0.001419	0.015841	
Sample_232	0.002559	0.177287	0.099665	0.059208	0.006186	0.014131	0.54824	0.022802	0.05514	0.01251	2.3e-05	0.002248	
Sample_233	0.004491	0.110294	1.7e-05	0.0	0.000475	2e-06	0.867856	0.014943	0.001347	0.000466	9e-06	0.000101	
Sample_234	0.015327	0.628008	2.5e-05	0.019837	0.005108	0.00516	0.261799	0.024	0.00393	0.01739	0.003477	0.015941	
Sample_235	0.000369	0.562257	1e-05	0.046812	0.003262	0.04487	0.247305	0.036077	0.034012	0.006047	0.005187	0.013793	
Sample_236	0.004612	0.590696	1e-05	0.00939	0.00226	0.022125	0.316628	0.024441	0.010847	0.005863	0.004649	0.008479	
Sample_237	0.00053	0.570344	0.015048	0.017059	0.013644	0.009037	0.322274	0.017726	0.025495	0.003696	4.4e-05	0.005103	
Sample_238	0.001602	0.521632	5.5e-05	0.043802	0.002498	0.039051	0.245493	0.098059	0.017308	0.029798	5.7e-05	0.000644	
Sample_239	0.010829	0.613816	7e-06	0.084828	0.005897	0.001925	0.207238	0.010922	0.027136	0.012785	0.010596	0.01402	
Sample_240	0.002648	0.690989	0.024308	0.058038	1.1e-05	0.008842	0.166575	0.00719	0.031119	0.004202	0.002746	0.00333	
Sample_241	0.000897	0.351815	0.048282	0.032866	0.003784	0.101318	0.37731	0.041757	0.030716	0.002985	0.00612	0.00215	
Sample_242	0.002537	0.411059	0.065332	2e-06	0.000823	0.055079	0.368621	0.086852	0.001763	0.000293	0.007121	0.000517	
Sample_243	0.005163	0.462145	1.9e-05	0.002786	0.0084	0.064352	0.408535	0.037205	0.001162	0.000183	0.001767	0.008285	
Sample_244	0.018575	0.410174	0.000197	0.053466	0.029197	0.056323	0.395125	0.018933	0.010367	0.004801	0.000151	0.002692	
Sample_245	0.005149	0.48526	0.032254	1e-06	0.006223	7e-06	0.374822	0.04444	0.00423	0.017408	0.003852	0.026355	
Sample_246	0.013354	0.538202	4e-05	1e-06	4.6e-05	4e-06	0.412915	0.009992	0.013445	0.007683	0.003936	0.00038	
Sample_247	0.000581	0.50647	0.004691	0.010551	0.001414	0.017208	0.365294	0.075272	0.013512	0.00468	3.4e-05	0.000294	
