-115673.579614
0
0.008940 0.000000 0.004570 0.005272 0.003186 0.000000 0.000000 0.003675 0.035121 0.025746 0.038610 0.032423 0.000000 0.002218 0.000000 0.001362 0.001014 0.000001 0.002689 0.000001 0.002792 0.000000 0.000000 0.000000 0.023247 0.010265 0.000000 0.009239 0.000000 0.000000 0.000000 0.000000 0.067531 0.037003 0.049640 0.041467 0.000000 0.000000 0.000000 0.000000 0.000000 0.002354 0.004318 0.003287 0.000000 0.000000 0.000000 0.000000 0.020187 0.012205 0.001796 0.012011 0.010083 0.007411 0.000000 0.001972 0.029343 0.052034 0.028352 0.036762 0.000000 0.000000 0.000000 0.000000 0.000003 0.001602 0.001657 0.000009 0.000000 0.000000 0.000000 0.000000 0.023471 0.014493 0.002677 0.010167 0.007226 0.003707 0.000000 0.000000 0.071580 0.099392 0.065633 0.053776 0.001993 0.002328 0.003356 0.000000 0.000001 0.006096 0.000004 0.002702 0.000000 0.000000 0.000000 0.000000 
0.000415 0.000000 0.000000 0.000000 0.000000 0.000000 0.000000 0.000000 0.000007 0.000006 0.005024 0.001796 0.000000 0.000621 0.002630 0.000000 0.001276 0.000001 0.000009 0.001160 0.000587 0.000000 0.000000 0.000000 0.208036 0.096953 0.533245 0.081643 0.000000 0.000000 0.000000 0.000694 0.003207 0.000004 0.004574 0.000004 0.000000 0.001217 0.000000 0.000529 0.000000 0.002533 0.000008 0.000003 0.000000 0.000592 0.000000 0.000000 0.000000 0.000001 0.000585 0.000008 0.000000 0.000002 0.000000 0.000000 0.002455 0.001198 0.000919 0.000016 0.000000 0.000000 0.000000 0.000000 0.002929 0.000001 0.000612 0.003505 0.000000 0.000000 0.000000 0.000000 0.001660 0.010158 0.013592 0.008474 0.000000 0.000000 0.000000 0.000000 0.000000 0.000001 0.004852 0.001704 0.000000 0.000000 0.000000 0.000000 0.000551 0.000001 0.000002 0.000001 0.000000 0.000000 0.000000 0.000000 
0.000000 0.000000 0.000000 0.000001 0.000000 0.000000 0.000000 0.004587 0.026334 0.022009 0.068329 0.012707 0.000000 0.001906 0.000000 0.000459 0.005004 0.008706 0.008133 0.000001 0.000000 0.000000 0.000000 0.000000 0.000001 0.000001 0.000000 0.040057 0.000000 0.000000 0.004061 0.000000 0.011341 0.022583 0.036557 0.015060 0.000000 0.000000 0.000000 0.000000 0.009798 0.009816 0.049920 0.000010 0.000000 0.004924 0.000000 0.008773 0.000000 0.007512 0.000001 0.020017 0.000000 0.006988 0.000000 0.000000 0.077473 0.126355 0.232628 0.069421 0.000000 0.000000 0.000000 0.003469 0.001018 0.011142 0.013807 0.001434 0.000000 0.002207 0.000000 0.000000 0.000000 0.000014 0.000000 0.005215 0.000000 0.000000 0.000000 0.000000 0.000000 0.000393 0.008236 0.000000 0.000000 0.000000 0.000000 0.000000 0.010977 0.009212 0.020839 0.000566 0.000000 0.000000 0.000000 0.000000 
0.000000 0.000000 0.000000 0.000001 0.000000 0.000000 0.000000 0.000000 0.000026 0.012958 0.035612 0.010711 0.010743 0.024327 0.000000 0.000000 0.019628 0.007778 0.033428 0.009129 0.000000 0.000000 0.001878 0.000000 0.005119 0.000001 0.000000 0.063648 0.000000 0.000000 0.000000 0.000000 0.007946 0.000668 0.070341 0.001908 0.001568 0.014277 0.004037 0.000000 0.000000 0.017332 0.052208 0.002682 0.003099 0.000000 0.010089 0.000000 0.000000 0.000002 0.000001 0.009986 0.000000 0.006582 0.000000 0.001486 0.033705 0.061611 0.081582 0.044640 0.000000 0.000000 0.000000 0.000000 0.060671 0.060569 0.056432 0.028340 0.000000 0.000000 0.005278 0.000000 0.000000 0.006875 0.000000 0.000010 0.000000 0.000000 0.000000 0.000000 0.000000 0.023133 0.012847 0.000000 0.000000 0.001675 0.000000 0.000000 0.024270 0.022043 0.026288 0.008778 0.000000 0.000000 0.002054 0.000000 
0.000000 0.000000 0.000000 0.001677 0.000000 0.002504 0.000000 0.000000 0.007866 0.006633 0.059816 0.009061 0.000000 0.000009 0.000000 0.017198 0.030444 0.021134 0.079968 0.011783 0.000000 0.009937 0.005517 0.009737 0.000001 0.000001 0.000000 0.010521 0.000000 0.000000 0.000000 0.000000 0.000027 0.005955 0.034796 0.004081 0.000000 0.000000 0.000000 0.000000 0.033244 0.018866 0.073403 0.034567 0.001800 0.020191 0.017258 0.023069 0.000000 0.000002 0.000000 0.004449 0.000000 0.001302 0.000000 0.002811 0.017259 0.033834 0.077409 0.017945 0.000000 0.006455 0.000000 0.003487 0.063842 0.018885 0.059207 0.024921 0.002819 0.000000 0.000000 0.013563 0.000000 0.000008 0.000000 0.000565 0.000000 0.000000 0.000000 0.000000 0.000000 0.004381 0.023487 0.000000 0.004514 0.004135 0.000000 0.003669 0.011424 0.000003 0.017553 0.007521 0.000769 0.003103 0.004738 0.014877 
0.000000 0.000000 0.000000 0.001244 0.000000 0.000000 0.000000 0.000000 0.012102 0.003265 0.255441 0.003243 0.000000 0.001198 0.000000 0.001982 0.001535 0.000001 0.003829 0.000615 0.000000 0.000000 0.000000 0.000000 0.000000 0.000000 0.000000 0.006151 0.000000 0.000000 0.000000 0.000000 0.002712 0.003963 0.240988 0.001751 0.000000 0.000000 0.000000 0.001107 0.000000 0.005410 0.001210 0.004120 0.000000 0.000000 0.002130 0.000000 0.000000 0.001433 0.001254 0.000434 0.000000 0.000001 0.000000 0.000000 0.016521 0.025032 0.225013 0.011703 0.000000 0.002926 0.000000 0.000000 0.007939 0.005642 0.004298 0.008011 0.000000 0.000000 0.000000 0.000000 0.000000 0.001607 0.000000 0.002681 0.000000 0.000000 0.000000 0.000000 0.000000 0.000002 0.116596 0.000000 0.000000 0.000000 0.000000 0.000000 0.004066 0.003204 0.005840 0.001794 0.000000 0.000000 0.000000 0.000000 
0.027075 0.036200 0.011858 0.017738 0.009362 0.010161 0.007837 0.010022 0.009953 0.013696 0.009493 0.005896 0.004311 0.000696 0.014812 0.000000 0.000429 0.010970 0.000257 0.004240 0.003758 0.002694 0.000000 0.000000 0.030574 0.012750 0.000000 0.041613 0.015301 0.010823 0.005064 0.009180 0.012952 0.008119 0.015285 0.022468 0.005945 0.008640 0.023808 0.013549 0.003063 0.011431 0.000033 0.004972 0.000000 0.000000 0.000000 0.000491 0.023485 0.028060 0.012861 0.018057 0.005442 0.008953 0.007464 0.011206 0.019147 0.006865 0.028436 0.015752 0.016421 0.010504 0.017167 0.004294 0.000006 0.000008 0.004900 0.002907 0.000000 0.009901 0.010523 0.003010 0.017878 0.034028 0.019885 0.038824 0.014406 0.016944 0.005598 0.022392 0.020848 0.001383 0.007606 0.019900 0.000000 0.007656 0.006301 0.005479 0.000002 0.003751 0.003847 0.009905 0.000000 0.003691 0.003824 0.002964 
0.000000 0.000000 0.000000 0.001584 0.001826 0.000000 0.000000 0.000000 0.002229 0.000067 0.009549 0.000136 0.000000 0.007006 0.000000 0.000000 0.013226 0.002026 0.005616 0.000003 0.000000 0.000000 0.000000 0.000000 0.000005 0.652614 0.000000 0.185854 0.000000 0.000000 0.000000 0.000000 0.001544 0.000036 0.013559 0.000043 0.000000 0.000000 0.000000 0.000000 0.000000 0.007210 0.005533 0.005282 0.000000 0.002269 0.000000 0.000000 0.011074 0.012435 0.005113 0.002448 0.000000 0.002492 0.000000 0.000000 0.002610 0.002856 0.013858 0.000227 0.000000 0.000000 0.000000 0.000000 0.000013 0.000014 0.006113 0.000030 0.000000 0.000000 0.000000 0.000000 0.000000 0.008476 0.000000 0.000033 0.000000 0.000000 0.000000 0.000000 0.000000 0.000007 0.014940 0.000000 0.000000 0.000000 0.000000 0.000000 0.000006 0.000008 0.000016 0.000015 0.000000 0.000000 0.000000 0.000000 
0.066933 0.005048 0.170586 0.348206 0.096093 0.275446 0.021944 0.015744 
0.068599 0.008471 0.151919 0.366457 0.070968 0.292186 0.023081 0.018319 
0.070381 0.005245 0.104229 0.414755 0.071804 0.301521 0.013593 0.018471 
0.056824 0.003065 0.114826 0.364489 0.061179 0.366265 0.008660 0.024692 
0.092927 0.013769 0.114764 0.300134 0.027222 0.425777 0.010512 0.014896 
0.038235 0.015879 0.241707 0.195931 0.089484 0.366128 0.031669 0.020966 
0.058553 0.005948 0.026270 0.102760 0.010236 0.765771 0.023335 0.007127 
0.057445 0.007624 0.075463 0.121913 0.084307 0.622333 0.026963 0.003952 
0.069923 0.014022 0.199526 0.056183 0.176054 0.454935 0.007005 0.022352 
0.069005 0.010766 0.196100 0.053948 0.164391 0.480480 0.008134 0.017176 
0.050941 0.016691 0.181130 0.080333 0.187824 0.453572 0.015880 0.013629 
0.102897 0.025570 0.453285 0.012860 0.113259 0.198307 0.055326 0.038496 
0.035054 0.048394 0.033471 0.048477 0.041066 0.011735 0.700200 0.081603 
0.053595 0.034326 0.392769 0.046807 0.122513 0.201453 0.122362 0.026175 
0.001422 0.013680 0.000320 0.000186 0.291560 0.029979 0.662825 0.000028 
0.053307 0.008430 0.047322 0.023242 0.053869 0.791178 0.014816 0.007835 
0.703703 0.000027 0.000214 0.000183 0.018780 0.049499 0.227563 0.000031 
0.809135 0.009793 0.000051 0.000022 0.000082 0.004079 0.176830 0.000007 
0.066312 0.007053 0.204914 0.241331 0.069011 0.363622 0.024666 0.023092 
0.000123 0.007950 0.012152 0.182394 0.650808 0.005815 0.117984 0.022774 
0.052078 0.006471 0.161118 0.086640 0.033265 0.621758 0.027380 0.011290 
0.128875 0.003759 0.001467 0.022623 0.102513 0.083105 0.657622 0.000037 
0.068191 0.000002 0.279029 0.000135 0.193576 0.391874 0.067189 0.000004 
0.000202 0.236461 0.000169 0.000081 0.006545 0.004840 0.023819 0.727884 
0.000061 0.996029 0.000050 0.000050 0.000108 0.001552 0.002136 0.000015 
0.051916 0.006107 0.255804 0.031653 0.033792 0.554058 0.053156 0.013513 
0.000121 0.993837 0.000076 0.000041 0.000106 0.003028 0.002774 0.000016 
0.040249 0.009769 0.014039 0.011025 0.078011 0.836123 0.006182 0.004601 
0.029736 0.005906 0.012066 0.036781 0.034962 0.855525 0.021663 0.003360 
0.051020 0.003037 0.000291 0.000076 0.062420 0.873716 0.006226 0.003214 
0.405905 0.294051 0.360069 0.322929 0.452075 0.836605 0.416602 0.227428 
