-272018.774281
0
0.025166 0.019604 0.016446 0.018194 0.007513 0.003476 0.004340 0.004641 0.011089 0.004000 0.000061 0.004975 0.003300 0.004970 0.010193 0.003577 0.009899 0.000630 0.010567 0.005316 0.001789 0.001068 0.001630 0.000000 0.057214 0.057723 0.042457 0.036746 0.007043 0.009785 0.008971 0.008821 0.020663 0.016000 0.008178 0.020462 0.005922 0.009191 0.024682 0.010727 0.005292 0.002174 0.008350 0.007059 0.001342 0.000000 0.003855 0.001571 0.029280 0.034451 0.033699 0.022316 0.006403 0.009524 0.009264 0.004727 0.010599 0.010283 0.000716 0.008973 0.006005 0.003839 0.011215 0.004254 0.009046 0.002469 0.005074 0.003877 0.000000 0.000429 0.000229 0.000597 0.026448 0.042258 0.018678 0.032181 0.000072 0.006139 0.001432 0.001140 0.000923 0.013117 0.000086 0.004251 0.003072 0.004590 0.008018 0.005302 0.002239 0.001563 0.003343 0.002479 0.000976 0.000868 0.001906 0.000609 0.009084 0.005722 0.005471 0.000701 0.006118 0.005249 0.000000 0.002060 0.003789 0.000000 0.004099 0.000719 0.000212 0.000516 0.000000 0.000635 0.000000 0.000000 0.000000 0.000000 
0.011189 0.005874 0.006855 0.014029 0.005218 0.013892 0.010410 0.009860 0.009781 0.012608 0.045995 0.003439 0.002466 0.006590 0.005035 0.006768 0.018124 0.019683 0.007693 0.011227 0.001407 0.006409 0.006953 0.003301 0.002870 0.003368 0.003394 0.014766 0.006549 0.000017 0.006021 0.004326 0.014896 0.037969 0.048212 0.011732 0.000000 0.006062 0.000005 0.006384 0.003038 0.017649 0.000578 0.009486 0.001139 0.012638 0.017239 0.007780 0.013385 0.010638 0.012430 0.013230 0.016570 0.017462 0.014478 0.016235 0.013057 0.040460 0.067780 0.028501 0.000602 0.004373 0.000002 0.001550 0.007240 0.010521 0.002616 0.008143 0.004800 0.007744 0.014771 0.009743 0.003571 0.001221 0.000733 0.009055 0.005031 0.012679 0.010021 0.019021 0.002647 0.019867 0.035605 0.007504 0.001483 0.002946 0.000000 0.005032 0.000005 0.013064 0.018614 0.002659 0.000000 0.000510 0.003867 0.006270 0.000000 0.000001 0.000000 0.000000 0.000000 0.000000 0.000000 0.000000 0.000000 0.000168 0.000000 0.000000 0.000000 0.000000 0.000000 0.000000 0.000000 0.000000 0.001173 0.000000 
0.017688 0.011753 0.020843 0.001803 0.010930 0.006070 0.001920 0.003282 0.007468 0.004823 0.000363 0.001110 0.006063 0.001792 0.005730 0.002169 0.012186 0.005590 0.007788 0.002688 0.000000 0.000000 0.000001 0.000000 0.014480 0.016412 0.021634 0.013044 0.008079 0.004319 0.005126 0.004904 0.010268 0.009376 0.005887 0.009616 0.003302 0.006369 0.019127 0.008208 0.004395 0.008984 0.011001 0.003110 0.000000 0.000000 0.006246 0.002955 0.015424 0.018987 0.017524 0.008950 0.000429 0.009666 0.004817 0.004666 0.013618 0.007040 0.011200 0.001264 0.006557 0.004862 0.012455 0.007447 0.008196 0.003374 0.006415 0.006089 0.003153 0.002048 0.022271 0.000000 0.026347 0.041170 0.009210 0.018323 0.063708 0.034060 0.015357 0.061010 0.082048 0.030701 0.021491 0.046586 0.005697 0.000859 0.004425 0.000808 0.004470 0.000044 0.000867 0.001491 0.000000 0.001382 0.002275 0.000008 0.000000 0.000898 0.000000 0.000000 0.000000 0.000000 0.000000 0.000000 0.000000 0.000000 0.000000 0.000000 0.000000 0.000511 0.000000 0.000000 0.000000 0.000213 0.000000 0.000689 
0.000057 0.000054 0.000035 0.000736 0.000027 0.000015 0.000006 0.000015 0.000055 0.000033 0.005453 0.000018 0.000665 0.000002 0.000017 0.000015 0.000906 0.000027 0.000093 0.000041 0.000000 0.000637 0.000001 0.002353 0.000029 0.000060 0.000067 0.000973 0.001618 0.000006 0.000046 0.000023 0.001520 0.000850 0.002374 0.000086 0.000000 0.000029 0.000009 0.000020 0.000965 0.000045 0.000083 0.000039 0.000000 0.000000 0.000031 0.000015 0.000012 0.001001 0.000063 0.000044 0.000008 0.000030 0.000024 0.000013 0.003076 0.004059 0.006990 0.003754 0.000020 0.000688 0.000003 0.000002 0.002329 0.000850 0.000918 0.002353 0.000001 0.000006 0.002246 0.000001 0.000026 0.000774 0.000011 0.000013 0.000019 0.000049 0.000014 0.001922 0.000781 0.001676 0.003029 0.000064 0.002124 0.000822 0.000001 0.000002 0.001337 0.000006 0.000922 0.000854 0.000000 0.000008 0.000012 0.002143 0.166054 0.085158 0.138610 0.002263 0.061646 0.029660 0.065551 0.112820 0.156419 0.000000 0.055868 0.000000 0.000000 0.000000 0.059405 0.000000 0.000000 0.000000 0.000000 0.001297 
0.006893 0.004789 0.004599 0.000003 0.006336 0.001295 0.000175 0.003593 0.019890 0.029796 0.090328 0.027558 0.000751 0.000001 0.000794 0.000747 0.010791 0.005784 0.068491 0.023673 0.000220 0.000000 0.002900 0.000000 0.000348 0.001409 0.003467 0.000489 0.006387 0.018654 0.009854 0.011541 0.014110 0.016562 0.117261 0.018984 0.000000 0.004199 0.006867 0.000287 0.010455 0.009102 0.049956 0.012774 0.000828 0.003897 0.001205 0.002042 0.000010 0.007685 0.003285 0.000304 0.001171 0.002738 0.004728 0.001162 0.014357 0.011437 0.055136 0.014850 0.002042 0.000003 0.003432 0.000000 0.008186 0.016894 0.038038 0.014732 0.000625 0.001645 0.000210 0.000315 0.000602 0.000300 0.000519 0.000004 0.001800 0.004993 0.003116 0.009093 0.011588 0.018049 0.043754 0.014337 0.000002 0.001503 0.000276 0.000000 0.011298 0.007027 0.006642 0.012626 0.004900 0.004532 0.003742 0.005834 0.000000 0.000000 0.000000 0.000000 0.000000 0.000000 0.000000 0.000000 0.000000 0.000000 0.000000 0.000000 0.000000 0.000000 0.000000 0.000000 0.000395 0.000000 0.000000 0.000000 
0.044145 0.605246 0.048921 0.000000 0.301688 
0.044861 0.535306 0.129907 0.000001 0.289925 
0.068078 0.464683 0.068266 0.000000 0.398972 
0.044683 0.545536 0.042364 0.000001 0.367416 
0.022752 0.621037 0.081340 0.000000 0.274871 
0.004170 0.603268 0.058111 0.002099 0.332352 
0.006909 0.664744 0.031821 0.000000 0.296526 
0.045836 0.529037 0.046689 0.000001 0.378437 
0.024519 0.546006 0.051035 0.001447 0.376993 
0.028771 0.522241 0.049069 0.000000 0.399919 
0.002175 0.504878 0.096658 0.000000 0.396288 
0.056822 0.573600 0.016087 0.000000 0.353491 
0.008269 0.759456 0.032635 0.002464 0.197176 
0.085472 0.480852 0.006309 0.000001 0.427366 
0.001696 0.604064 0.036150 0.000000 0.358090 
0.002160 0.571611 0.059516 0.000000 0.366713 
0.626706 0.186834 0.143180 0.012609 0.030671 
0.700364 0.034420 0.150582 0.007994 0.106640 
0.718955 0.115819 0.068006 0.029816 0.067403 
0.178204 0.265106 0.029910 0.227198 0.299581 
0.683484 0.086704 0.155392 0.032604 0.041817 
0.690033 0.076273 0.158235 0.006565 0.068895 
0.285694 0.080024 0.554623 0.011675 0.067984 
0.100443 0.010584 0.744404 0.019622 0.124947 
0.712726 0.087889 0.107788 0.000001 0.091596 
0.712114 0.103514 0.134790 0.000001 0.049581 
0.675669 0.020764 0.123618 0.009288 0.170660 
0.595412 0.235225 0.111069 0.016712 0.041582 
0.781941 0.057322 0.105056 0.011389 0.044292 
0.715462 0.076615 0.070101 0.000002 0.137822 
0.856902 0.039197 0.065672 0.011171 0.027058 
0.674200 0.076528 0.155387 0.009298 0.084588 
0.625472 0.073004 0.240604 0.019269 0.041651 
0.593292 0.139101 0.196112 0.007261 0.064234 
0.644973 0.066653 0.193409 0.019311 0.075653 
0.500542 0.145343 0.232046 0.003774 0.118295 
0.464263 0.147356 0.262460 0.010629 0.115292 
0.381930 0.157700 0.423268 0.024009 0.013093 
0.597419 0.128586 0.186593 0.024386 0.063016 
0.561391 0.011244 0.337423 0.018788 0.071154 
0.695305 0.141291 0.100682 0.000001 0.062720 
0.607756 0.121526 0.129455 0.000002 0.141261 
0.418243 0.152978 0.325524 0.018199 0.085057 
0.664168 0.066276 0.132360 0.012632 0.124564 
0.529612 0.249757 0.129184 0.034232 0.057214 
0.768541 0.058063 0.084130 0.000001 0.089265 
0.611645 0.086428 0.083371 0.021370 0.197187 
0.402081 0.093078 0.286542 0.035371 0.182928 
0.564471 0.032768 0.287198 0.011670 0.103893 
0.329569 0.027194 0.535473 0.000002 0.107763 
0.648493 0.094471 0.124375 0.021332 0.111329 
0.633150 0.101276 0.221877 0.021719 0.021978 
0.650909 0.072471 0.189840 0.000001 0.086780 
0.640789 0.134965 0.111270 0.020896 0.092081 
0.596373 0.005089 0.222389 0.032631 0.143518 
0.709998 0.121282 0.098303 0.000001 0.070416 
0.531131 0.059386 0.297312 0.010927 0.101244 
0.615877 0.095446 0.272476 0.008698 0.007503 
0.509886 0.080182 0.287926 0.000001 0.122004 
0.767945 0.060482 0.084103 0.005125 0.082345 
0.622071 0.070050 0.189211 0.000001 0.118666 
0.705504 0.092624 0.117735 0.000001 0.084137 
0.315473 0.173421 0.357367 0.013310 0.140429 
0.825219 0.041990 0.113139 0.000001 0.019651 
0.030077 0.117411 0.827171 0.015913 0.009428 
0.537787 0.079435 0.212582 0.029085 0.141110 
0.150148 0.058054 0.765033 0.020248 0.006517 
0.650120 0.073881 0.154770 0.025588 0.095641 
0.734998 0.049123 0.170292 0.000002 0.045585 
0.708845 0.045703 0.150088 0.000002 0.095362 
0.482724 0.129299 0.276550 0.007957 0.103470 
0.231929 0.180445 0.502839 0.018186 0.066601 
0.690844 0.007458 0.182309 0.008363 0.111027 
0.493364 0.088201 0.236838 0.020238 0.161360 
0.746166 0.112562 0.080101 0.000001 0.061170 
0.890079 0.007374 0.040049 0.016736 0.045762 
0.083733 0.538374 0.102916 0.000000 0.274977 
0.023449 0.025314 0.054056 0.000002 0.897179 
0.000104 0.000125 0.000113 0.999336 0.000322 
0.077037 0.017021 0.003171 0.000000 0.902770 
0.014389 0.024919 0.022020 0.000000 0.938672 
0.029442 0.010591 0.094266 0.003243 0.862459 
0.013665 0.024879 0.041983 0.003358 0.916114 
0.027227 0.013328 0.032743 0.000003 0.926698 
0.012858 0.003740 0.062509 0.002736 0.918157 
0.002566 0.024427 0.056647 0.002232 0.914129 
0.008484 0.077131 0.044640 0.002348 0.867397 
0.087253 0.035278 0.025419 0.004551 0.847499 
0.020256 0.048349 0.080087 0.007546 0.843762 
0.019843 0.065841 0.020200 0.007681 0.886436 
0.020361 0.048384 0.064607 0.000001 0.866646 
0.003907 0.008599 0.102949 0.000000 0.884545 
0.022284 0.004907 0.037973 0.002750 0.932086 
0.003752 0.066853 0.071484 0.000000 0.857911 
0.013376 0.020661 0.089016 0.005830 0.871117 
0.047695 0.033532 0.049643 0.000001 0.869129 
0.013789 0.009906 0.045299 0.002837 0.928168 
0.008908 0.064986 0.020795 0.005748 0.899562 
0.042407 0.052694 0.021305 0.004151 0.879443 
0.010766 0.031883 0.029433 0.003553 0.924365 
0.036762 0.607138 0.064647 0.000000 0.291452 
0.701517 0.556983 0.608858 0.144601 0.778002 
