	Predicted_signature_1	Predicted_signature_2	Predicted_signature_3	Predicted_signature_4	Predicted_signature_5	Predicted_signature_6	
Sample_1	0.937402	1.8e-05	0.035172	0.000221	0.000378	0.026809	
Sample_2	0.939489	0.002953	0.042194	0.000228	0.00025	0.014886	
Sample_3	0.435676	0.012831	0.01205	0.019315	0.338974	0.181154	
Sample_4	0.09493	2.3e-05	0.000952	0.002149	0.899372	0.002575	
Sample_5	0.001297	0.00269	0.002472	4.5e-05	0.991881	0.001615	
Sample_6	0.192731	0.001629	0.001621	0.01728	0.770258	0.016481	
Sample_7	0.053953	0.048612	0.033097	0.011752	0.679718	0.172868	
Sample_8	6.6e-05	3e-05	0.271726	0.000569	0.60424	0.123369	
Sample_9	0.066466	0.007779	0.46774	0.029199	0.001224	0.427591	
Sample_10	0.079576	0.008931	0.472455	0.020901	0.004373	0.413763	
Sample_11	0.090099	0.046342	0.398041	0.059595	0.049569	0.356353	
Sample_12	4.5e-05	0.021945	0.515839	0.043112	0.033272	0.385787	
Sample_13	0.056152	0.04212	0.464854	0.01689	0.053753	0.366232	
Sample_14	0.002308	0.049219	0.43712	0.045377	0.083967	0.38201	
Sample_15	0.100482	0.015523	0.340288	0.026694	0.186669	0.330343	
Sample_16	0.119698	0.028087	0.320044	0.009507	0.19601	0.326654	
Sample_17	0.003586	0.028387	0.662007	0.017552	0.076584	0.211884	
Sample_18	4.4e-05	0.018724	0.6641	0.062377	0.049158	0.205597	
Sample_19	0.01209	3.2e-05	0.676056	0.016275	0.044517	0.251029	
Sample_20	6e-05	0.054026	0.579608	0.044122	0.109061	0.213123	
Sample_21	0.082808	0.038492	0.571541	0.000635	0.051158	0.255366	
Sample_22	2.8e-05	0.007174	0.907122	0.000867	0.000671	0.084138	
Sample_23	4.6e-05	0.011225	0.901761	0.000751	0.010933	0.075283	
Sample_24	1.4e-05	0.002944	0.958727	9.8e-05	0.003244	0.034973	
Sample_25	0.015795	3.2e-05	0.88292	0.013381	0.078346	0.009526	
Sample_26	2.8e-05	0.03857	0.817497	0.000318	0.008488	0.135099	
Sample_27	0.013725	0.017224	0.781552	0.000176	0.014753	0.17257	
Sample_28	0.004297	4.2e-05	0.137162	0.032523	0.078689	0.747287	
Sample_29	4e-05	1.3e-05	0.119872	0.052579	0.04785	0.779647	
Sample_30	0.008796	0.012617	0.134762	0.075267	0.061776	0.706782	
Sample_31	0.049994	2.1e-05	0.130808	0.052428	0.056628	0.710121	
Sample_32	0.005301	0.029105	0.173095	0.021954	0.043295	0.72725	
Sample_33	0.006863	0.011749	0.105131	0.03853	0.032172	0.805554	
Sample_34	0.002387	0.012477	0.098332	0.015587	0.021885	0.849332	
Sample_35	0.039344	4.5e-05	0.120304	0.004334	0.018826	0.817148	
Sample_36	0.003865	0.015453	0.124711	0.001387	0.061672	0.792911	
Sample_37	0.004772	0.070941	0.11774	0.043506	0.029263	0.733778	
Sample_38	0.01185	0.056126	0.10126	0.069653	0.058692	0.702419	
Sample_39	0.03079	0.072422	0.082568	0.025231	0.003855	0.785134	
Sample_40	0.066526	1.9e-05	0.105741	0.066053	0.003809	0.757851	
Sample_41	7.9e-05	0.060158	0.135001	0.01232	0.106963	0.685478	
Sample_42	0.012691	0.01994	0.130538	0.027319	0.1164	0.693112	
Sample_43	0.028098	0.009333	0.074866	0.083176	0.091356	0.713171	
Sample_44	0.005815	0.012308	0.096296	0.101916	0.071548	0.712117	
Sample_45	8.6e-05	0.019447	0.098358	0.079269	0.094673	0.708167	
Sample_46	8e-05	0.023161	0.111983	0.051542	0.104963	0.708272	
Sample_47	0.003259	0.041708	0.103483	0.087691	0.120585	0.643274	
Sample_48	0.027408	4.4e-05	0.066393	0.101492	0.143418	0.661245	
Sample_49	0.000112	0.019662	0.031107	0.05139	0.126644	0.771086	
Sample_50	0.003707	0.023864	0.024393	0.033101	0.131236	0.783699	
Sample_51	8.6e-05	0.024382	0.061702	0.065373	0.121225	0.727232	
Sample_52	7.5e-05	0.053746	0.040159	0.032613	0.092201	0.781206	
Sample_53	5.6e-05	0.067416	0.050001	0.024139	0.122426	0.735962	
Sample_54	0.019354	3.4e-05	0.091914	0.023018	0.100704	0.764976	
Sample_55	0.016159	0.022446	0.073299	0.027859	0.10674	0.753498	
Sample_56	0.035737	4.1e-05	0.068548	0.045246	0.124529	0.725898	
Sample_57	0.045778	0.017169	0.070651	0.05831	0.109569	0.698522	
Sample_58	0.01013	0.00538	0.042124	0.06756	0.087496	0.78731	
Sample_59	8e-05	4.3e-05	0.049994	0.078399	0.090914	0.780569	
Sample_60	0.0092	0.010136	0.030251	0.079752	0.091285	0.779376	
Sample_61	0.037366	3.2e-05	0.024014	0.065438	0.09304	0.780109	
Sample_62	0.019395	0.047456	0.05051	0.081156	0.087474	0.714009	
Sample_63	3.4e-05	0.02258	0.038229	0.128315	0.068531	0.742311	
Sample_64	5.8e-05	3.7e-05	0.058214	0.111039	0.099456	0.731196	
Sample_65	6e-05	0.018403	0.028971	0.062133	0.163045	0.727388	
Sample_66	0.004412	0.0231	0.018183	0.055299	0.171233	0.727773	
Sample_67	0.004845	4.2e-05	0.040161	0.070032	0.147195	0.737725	
Sample_68	0.004658	3.4e-05	0.03958	0.024223	0.181904	0.749602	
Sample_69	0.005618	2.9e-05	0.056674	0.028485	0.16635	0.742845	
Sample_70	0.036215	0.026826	0.040743	0.015714	0.15958	0.720922	
Sample_71	0.055353	0.022858	0.0207	0.026937	0.167734	0.706418	
Sample_72	0.118302	0.020245	0.040337	0.014079	0.037803	0.769234	
Sample_73	0.1294	0.024036	0.015981	0.015588	0.024322	0.790673	
Sample_74	0.119358	0.005376	0.045193	0.032501	0.007487	0.790085	
Sample_75	0.088389	0.007214	0.062308	0.022272	0.05003	0.769787	
Sample_76	0.109018	0.007778	0.062581	0.037171	0.041687	0.741765	
Sample_77	0.117825	0.006972	0.056415	0.015171	0.052633	0.750984	
Sample_78	0.116822	0.012747	0.057094	0.018301	0.063919	0.731117	
Sample_79	0.121725	0.036944	0.083462	0.000702	0.021353	0.735813	
Sample_80	0.145455	3.7e-05	0.047466	0.028346	0.077681	0.701015	
Sample_81	0.155923	0.018574	0.050237	0.026688	0.053474	0.695103	
Sample_82	0.171078	0.006184	0.028521	0.035466	0.077266	0.681485	
Sample_83	0.136206	0.010036	0.016176	0.05752	0.058886	0.721177	
Sample_84	0.136025	0.027965	0.016587	0.053343	0.056076	0.710005	
Sample_85	0.157932	0.005583	0.020305	0.043282	0.046473	0.726425	
Sample_86	0.124547	0.004644	0.022706	0.069664	0.035749	0.74269	
Sample_87	0.089125	0.0112	0.004865	0.054092	0.095044	0.745674	
Sample_88	0.082858	0.006556	0.032157	0.038667	0.102597	0.737164	
Sample_89	0.105764	0.010023	0.019668	0.02389	0.074437	0.766218	
Sample_90	0.105989	3.5e-05	0.025537	0.035244	0.076986	0.756209	
Sample_91	0.088337	3e-05	0.038992	0.030181	0.081351	0.761109	
Sample_92	0.099582	0.013983	0.036278	0.041411	0.05423	0.754516	
Sample_93	0.121287	0.020244	0.014132	0.034052	0.107354	0.702931	
Sample_94	0.079838	0.02213	0.029519	0.003752	0.091001	0.77376	
Sample_95	0.053392	3.3e-05	0.016387	0.00057	0.120482	0.809136	
Sample_96	0.128607	5.7e-05	0.00639	0.000324	0.048447	0.816175	
Sample_97	0.09284	2.7e-05	0.011554	0.008345	0.058512	0.828722	
Sample_98	0.131072	0.035148	0.004067	0.0138	0.061288	0.754625	
Sample_99	0.076858	0.022677	0.007876	0.035937	0.049752	0.8069	
Sample_100	0.081068	0.051123	0.001477	0.02499	0.04715	0.794192	
Sample_101	0.190308	0.018142	0.012143	0.019018	0.005566	0.754824	
Sample_102	0.058182	2.8e-05	0.065157	0.05167	0.031598	0.793366	
Sample_103	0.067863	0.002799	0.072092	0.044456	0.044016	0.768774	
Sample_104	0.067654	1.7e-05	0.04918	0.048875	0.045427	0.788847	
Sample_105	0.073808	3.3e-05	0.020684	0.083676	0.043718	0.77808	
Sample_106	0.068407	5.1e-05	0.006353	0.060505	0.009069	0.855615	
Sample_107	0.087037	0.006292	0.012584	0.049015	0.019816	0.825256	
Sample_108	0.045494	2.1e-05	0.017215	0.036941	0.000859	0.899471	
Sample_109	0.06837	3.7e-05	0.026796	0.005583	0.029779	0.869436	
Sample_110	0.005418	0.019847	0.057305	0.016611	0.061095	0.839724	
Sample_111	0.006616	0.028009	0.040871	0.01951	0.046937	0.858057	
Sample_112	0.002424	0.051902	0.030077	0.022101	0.047011	0.846485	
Sample_113	0.019634	0.023999	0.01248	0.032957	0.043393	0.867536	
Sample_114	0.016522	0.03394	0.021091	0.050209	0.034522	0.843716	
Sample_115	5.6e-05	0.01417	0.058202	0.055302	0.049671	0.822599	
Sample_116	0.003059	0.004572	0.049862	0.054506	0.035688	0.852313	
Sample_117	0.007723	3.2e-05	0.055355	0.034092	0.028648	0.874151	
Sample_118	0.020644	0.023722	0.043322	0.064604	0.049279	0.79843	
Sample_119	0.008204	0.003161	0.039843	0.016126	0.008317	0.92435	
Sample_120	3.1e-05	1.2e-05	0.018873	0.183599	0.015533	0.781952	
Sample_121	0.081286	0.065122	0.035194	0.120737	0.001537	0.696123	
Sample_122	0.098077	0.003892	0.184994	0.027507	0.035072	0.650459	
Sample_123	0.109764	0.030874	0.169743	0.024477	0.0424	0.622742	
Sample_124	0.133389	0.015115	0.155645	0.049997	0.041924	0.60393	
Sample_125	0.109569	2.5e-05	0.113233	0.055261	0.074061	0.64785	
Sample_126	0.099922	0.024763	0.14058	0.049809	0.057109	0.627816	
Sample_127	0.07688	0.061727	0.155764	0.011591	0.07516	0.618878	
Sample_128	0.175498	5e-05	0.077579	0.026673	0.033407	0.686793	
Sample_129	0.145397	3.4e-05	0.093706	0.036975	0.035967	0.687921	
Sample_130	0.168645	3.8e-05	0.069754	0.053358	0.092285	0.615919	
Sample_131	0.140842	0.019888	0.041524	0.009085	0.12673	0.661931	
Sample_132	0.08542	0.056013	0.094802	0.027099	0.137316	0.599351	
Sample_133	0.005859	4e-05	0.14692	0.028332	0.251369	0.56748	
Sample_134	0.036573	4e-05	0.133339	0.023385	0.259545	0.547118	
Sample_135	6.8e-05	0.062311	0.141197	0.087792	0.206404	0.502228	
Sample_136	6.1e-05	0.037881	0.11306	0.015044	0.167568	0.666387	
Sample_137	0.007215	3.4e-05	0.154484	0.010485	0.171243	0.65654	
Sample_138	0.011056	4.1e-05	0.116423	0.060521	0.170443	0.641516	
Sample_139	4.2e-05	0.008321	0.113701	0.019692	0.220631	0.637613	
Sample_140	0.049475	0.02246	0.121607	0.064409	0.179426	0.562622	
Sample_141	5.3e-05	0.063881	0.151376	0.048587	0.154791	0.581312	
Sample_142	9.8e-05	0.046177	0.142818	0.055283	0.137368	0.618257	
Sample_143	6.3e-05	0.076513	0.133855	0.078053	0.151083	0.560432	
Sample_144	9.4e-05	0.062091	0.04745	0.033705	0.265873	0.590788	
Sample_145	0.213719	0.06387	0.046277	0.023829	0.125248	0.527057	
Sample_146	0.159041	0.064785	0.104497	0.062855	0.10113	0.507692	
Sample_147	0.247871	0.007402	0.084166	0.020061	0.06039	0.580111	
Sample_148	5e-05	4.1e-05	0.064009	0.272109	0.040647	0.623144	
Sample_149	7.2e-05	0.008755	0.144335	0.239715	0.068763	0.53836	
Sample_150	3.4e-05	0.050637	0.066888	0.192258	0.128192	0.561991	
Sample_151	0.004191	0.037115	0.038715	0.318673	0.090092	0.511215	
Sample_152	5.5e-05	0.042133	0.204395	0.18048	0.108121	0.464816	
Sample_153	6.9e-05	2.9e-05	0.231644	0.03562	0.168987	0.56365	
Sample_154	0.00577	0.011295	0.189139	0.036123	0.149861	0.607813	
Sample_155	4.4e-05	0.040367	0.248241	0.023892	0.176572	0.510885	
Sample_156	4.7e-05	0.022114	0.267448	0.107984	0.093253	0.509153	
Sample_157	0.014272	2.9e-05	0.294803	0.06444	0.096178	0.530277	
Sample_158	7.7e-05	0.020641	0.249807	0.062325	0.099668	0.567483	
Sample_159	0.051782	0.015764	0.23211	0.024163	0.06033	0.615852	
Sample_160	0.037993	0.006766	0.237506	0.054955	0.041345	0.621434	
Sample_161	8.5e-05	3.3e-05	0.23529	0.022817	0.06947	0.672305	
Sample_162	7.3e-05	3.1e-05	0.269638	0.071665	0.035931	0.622662	
Sample_163	0.016306	0.068822	0.175788	0.078543	0.055457	0.605083	
Sample_164	0.086543	1.9e-05	0.264241	0.025693	0.039261	0.584243	
Sample_165	0.104163	3.1e-05	0.231214	0.027276	0.011182	0.626134	
Sample_166	0.108156	0.027961	0.244094	0.03435	0.06688	0.518559	
Sample_167	4.9e-05	0.061333	0.338611	0.000413	0.108267	0.491327	
Sample_168	0.009809	0.066402	0.342984	0.052957	0.038656	0.489192	
Sample_169	0.01458	1.3e-05	0.341122	0.01594	0.013784	0.614562	
Sample_170	6.7e-05	0.03013	0.336468	0.002619	0.054195	0.576521	
Sample_171	0.066608	0.048344	0.323401	0.000331	0.026477	0.534839	
Sample_172	0.077842	2e-05	0.357882	0.003701	0.074673	0.485882	
Sample_173	0.105101	3.4e-05	0.377092	0.004136	0.046001	0.467636	
Sample_174	4.6e-05	2.8e-05	0.424907	0.018247	0.057505	0.499267	
Sample_175	8e-05	0.101531	0.098237	0.029348	0.318791	0.452012	
Sample_176	0.006591	0.00463	0.30352	0.533976	0.010966	0.140317	
Sample_177	0.013665	3e-05	0.229284	0.437974	0.059199	0.259848	
Sample_178	0.043049	0.026149	0.115567	0.554896	0.046958	0.213381	
Sample_179	5.6e-05	2.8e-05	0.001394	0.546662	0.020804	0.431056	
Sample_180	4.1e-05	1.7e-05	0.072481	0.507798	0.057562	0.362102	
Sample_181	0.006362	0.002712	0.00052	0.977697	0.009913	0.002796	
Sample_182	3e-06	0.994762	0.001772	0.003013	5.4e-05	0.000396	
