-1689273.610790
0
0.000000 0.015312 0.003458 0.054509 0.000000 0.000000 0.000000 0.000000 0.003788 0.008870 0.000000 0.011950 0.000000 0.012116 0.000000 0.015836 0.000000 0.010477 0.000000 0.002252 0.000000 0.000000 0.003668 0.004502 0.027831 0.064420 0.010953 0.346134 0.000000 0.000000 0.000000 0.000000 0.000000 0.004769 0.000000 0.000000 0.000000 0.003325 0.000000 0.006160 0.000000 0.009047 0.000000 0.004414 0.000000 0.003127 0.007282 0.001228 0.006703 0.024894 0.001518 0.129243 0.000000 0.000000 0.000000 0.000000 0.000000 0.000000 0.004102 0.000000 0.000000 0.005620 0.000000 0.004042 0.000000 0.000000 0.000000 0.000000 0.000000 0.000000 0.000000 0.013974 0.004529 0.022849 0.000000 0.109369 0.000000 0.000000 0.000000 0.004333 0.007865 0.000000 0.000000 0.000000 0.000000 0.000000 0.000000 0.000000 0.002493 0.005618 0.006711 0.010708 0.000000 0.000000 0.000000 0.000000 
0.000000 0.000000 0.000000 0.002877 0.002725 0.000000 0.000000 0.000000 0.000000 0.000000 0.000000 0.000000 0.000000 0.000000 0.000000 0.000000 0.013320 0.013813 0.007353 0.010095 0.000000 0.000000 0.000000 0.020716 0.000000 0.000000 0.000000 0.013281 0.000000 0.000327 0.000000 0.000000 0.000000 0.000000 0.003462 0.004782 0.000000 0.000000 0.000000 0.000000 0.000000 0.000000 0.000000 0.000000 0.000000 0.000000 0.000000 0.000000 0.000000 0.000000 0.000000 0.000000 0.000000 0.000000 0.000000 0.000000 0.000000 0.011893 0.062134 0.046197 0.000000 0.000000 0.000000 0.000000 0.041242 0.028383 0.000000 0.032898 0.003243 0.000000 0.000000 0.000000 0.000000 0.003886 0.000000 0.000000 0.000000 0.000000 0.000000 0.000000 0.007178 0.042670 0.293238 0.070527 0.000000 0.001342 0.000000 0.000000 0.011148 0.030545 0.011579 0.024167 0.000000 0.032325 0.000000 0.152654 
0.001533 0.002500 0.000689 0.011754 0.000212 0.000000 0.000000 0.000000 0.000000 0.003711 0.010996 0.004078 0.000000 0.000000 0.000000 0.002931 0.002263 0.003093 0.000000 0.004090 0.003811 0.008888 0.002903 0.035890 0.001509 0.000000 0.000000 0.010315 0.000000 0.000000 0.000000 0.000000 0.000000 0.000000 0.000000 0.001492 0.000000 0.000000 0.000000 0.000000 0.000000 0.000000 0.000000 0.000000 0.004020 0.000000 0.000000 0.018112 0.000000 0.000000 0.000000 0.001518 0.000000 0.000000 0.000000 0.000254 0.000000 0.011712 0.005280 0.000000 0.000000 0.000000 0.000000 0.000580 0.000000 0.000000 0.000000 0.011796 0.000000 0.002827 0.000973 0.000968 0.072628 0.007654 0.008768 0.384143 0.000000 0.000000 0.000000 0.000000 0.000000 0.009790 0.135166 0.010323 0.000000 0.000490 0.000000 0.004239 0.002549 0.005765 0.004424 0.008834 0.018834 0.013917 0.004480 0.137300 
0.000000 0.000000 0.000000 0.000000 0.000000 0.000000 0.000506 0.000000 0.038504 0.017875 0.010593 0.000000 0.000000 0.000000 0.000000 0.004771 0.000000 0.000000 0.000000 0.000000 0.000000 0.000000 0.000000 0.000000 0.025794 0.063113 0.018522 0.180785 0.000000 0.000000 0.000000 0.000000 0.007790 0.024999 0.061203 0.000000 0.000000 0.004545 0.000000 0.000000 0.000000 0.003358 0.032251 0.000000 0.000000 0.000000 0.000000 0.007701 0.000000 0.000000 0.000000 0.000000 0.001956 0.000183 0.000000 0.000000 0.158426 0.163663 0.088515 0.055732 0.000000 0.000000 0.001876 0.006210 0.008057 0.000000 0.003935 0.000000 0.000000 0.000000 0.000000 0.000000 0.000000 0.008889 0.000000 0.000000 0.000000 0.000000 0.000000 0.000000 0.000000 0.000000 0.000250 0.000000 0.000000 0.000000 0.000000 0.000000 0.000000 0.000000 0.000000 0.000000 0.000000 0.000000 0.000000 0.000000 
0.000000 0.000000 0.000000 0.000000 0.000000 0.000000 0.000953 0.000000 0.000000 0.009604 0.000240 0.000000 0.000000 0.000000 0.000000 0.000000 0.015992 0.051303 0.134214 0.001053 0.000000 0.006295 0.000000 0.004511 0.010774 0.023554 0.027752 0.000000 0.000000 0.000000 0.002867 0.000000 0.000000 0.016413 0.015169 0.014259 0.000000 0.008969 0.007099 0.000000 0.028313 0.058996 0.219856 0.036557 0.000000 0.031308 0.036624 0.000000 0.000000 0.000000 0.008937 0.000000 0.000000 0.009629 0.001564 0.000000 0.000000 0.001696 0.027696 0.001778 0.000000 0.000000 0.000000 0.000000 0.000000 0.015244 0.096053 0.004143 0.000000 0.000000 0.006606 0.005548 0.000000 0.000000 0.000000 0.000000 0.000000 0.000000 0.000000 0.000000 0.000000 0.000000 0.000000 0.000000 0.000000 0.000000 0.000000 0.000000 0.000000 0.006037 0.052394 0.000000 0.000000 0.000000 0.000000 0.000000 
0.010283 0.013587 0.000000 0.000000 0.000000 0.000000 0.000000 0.000000 0.000000 0.000000 0.000000 0.000000 0.060804 0.070617 0.039956 0.018768 0.000000 0.005089 0.000000 0.000000 0.004596 0.014077 0.016083 0.002529 0.000000 0.016927 0.009957 0.000000 0.000000 0.000000 0.000000 0.000000 0.000000 0.000000 0.000000 0.000000 0.031865 0.090655 0.089040 0.037087 0.011094 0.011594 0.000000 0.000000 0.010082 0.010897 0.014094 0.000000 0.000000 0.000000 0.000000 0.000000 0.000000 0.000000 0.000000 0.000000 0.015298 0.000000 0.000002 0.000000 0.026448 0.040744 0.042621 0.022411 0.000000 0.000000 0.000000 0.002433 0.000000 0.000000 0.000000 0.002936 0.008361 0.010006 0.000000 0.000000 0.000000 0.000000 0.000000 0.000000 0.014888 0.005926 0.000000 0.002743 0.046774 0.069186 0.037750 0.032148 0.000000 0.003456 0.000000 0.000000 0.000000 0.014975 0.011216 0.000000 
0.000000 0.000882 0.000000 0.000000 0.000000 0.000000 0.000000 0.000000 0.000000 0.000000 0.000000 0.006824 0.000000 0.000000 0.000000 0.000000 0.003083 0.002248 0.000000 0.000000 0.000000 0.000000 0.000000 0.000000 0.001254 0.000000 0.000000 0.000000 0.000000 0.000000 0.000000 0.000000 0.000000 0.000378 0.000000 0.000000 0.000000 0.000000 0.000000 0.000000 0.000000 0.000000 0.000000 0.000000 0.000000 0.000000 0.000000 0.000000 0.000899 0.000000 0.000000 0.000000 0.001241 0.000000 0.000000 0.000000 0.000000 0.018998 0.041798 0.003252 0.000000 0.000000 0.000000 0.000000 0.009343 0.016965 0.000000 0.009264 0.000000 0.000000 0.000000 0.000000 0.029816 0.010060 0.000000 0.357262 0.000000 0.000000 0.000000 0.000000 0.002808 0.032429 0.367064 0.073639 0.000249 0.000000 0.000752 0.000000 0.000000 0.000000 0.000000 0.000000 0.000000 0.000000 0.000000 0.009491 
0.000000 0.000000 0.000000 0.000000 0.000000 0.000000 0.000000 0.000000 0.035236 0.068580 0.000000 0.038201 0.000000 0.000000 0.000000 0.000000 0.000000 0.000000 0.000000 0.000000 0.000000 0.000000 0.000000 0.000000 0.000000 0.000000 0.000000 0.000000 0.000000 0.000000 0.000000 0.000000 0.093290 0.136535 0.014773 0.088480 0.000000 0.000000 0.000000 0.000749 0.000000 0.000000 0.000000 0.008339 0.000000 0.000000 0.000000 0.005929 0.000000 0.002756 0.000000 0.000000 0.000000 0.000000 0.000000 0.000000 0.041262 0.089616 0.001540 0.017802 0.000000 0.000000 0.000000 0.000000 0.000000 0.000000 0.000000 0.000000 0.000000 0.000000 0.000000 0.000000 0.000000 0.000000 0.000000 0.000000 0.000000 0.000000 0.000000 0.000000 0.082980 0.155003 0.000000 0.118930 0.000000 0.000000 0.000000 0.000000 0.000000 0.000000 0.000000 0.000000 0.000000 0.000000 0.000000 0.000000 
0.000000 0.000000 0.000000 0.030300 0.000000 0.000000 0.000000 0.000000 0.000000 0.021697 0.072007 0.000000 0.000000 0.000000 0.000000 0.000000 0.000000 0.006603 0.000000 0.000000 0.000000 0.000000 0.000000 0.000000 0.000000 0.000000 0.000000 0.008486 0.000000 0.000000 0.000000 0.000000 0.000000 0.000000 0.000000 0.030148 0.000000 0.000000 0.000000 0.007745 0.000000 0.020251 0.000000 0.002662 0.000000 0.000000 0.000000 0.000000 0.000000 0.018842 0.000000 0.078852 0.000000 0.002239 0.000000 0.000000 0.041238 0.102651 0.047702 0.362213 0.000000 0.000000 0.000000 0.000000 0.000000 0.029870 0.000000 0.000000 0.000000 0.000000 0.000000 0.000000 0.000000 0.000000 0.000000 0.063884 0.000000 0.000000 0.000000 0.000000 0.007122 0.000000 0.000000 0.017059 0.000000 0.000000 0.000000 0.000000 0.000000 0.028427 0.000000 0.000000 0.000000 0.000000 0.000000 0.000000 
0.000000 0.000000 0.000000 0.000000 0.000000 0.000000 0.000000 0.000000 0.000000 0.000000 0.000000 0.000000 0.000000 0.000000 0.000000 0.000000 0.000000 0.016538 0.000000 0.000000 0.000000 0.005976 0.011755 0.012213 0.008701 0.000000 0.000000 0.000000 0.000000 0.000000 0.000000 0.000000 0.000000 0.012436 0.000000 0.000000 0.000000 0.000000 0.000000 0.000000 0.000000 0.000000 0.000000 0.000000 0.000000 0.035126 0.039436 0.083795 0.012071 0.036459 0.000000 0.087754 0.000000 0.000000 0.000000 0.000000 0.000000 0.108612 0.002066 0.031800 0.000000 0.000000 0.000000 0.000000 0.001456 0.158440 0.091517 0.025406 0.012271 0.045554 0.030458 0.080895 0.000000 0.011837 0.000000 0.000000 0.000000 0.000000 0.000000 0.000000 0.000000 0.002970 0.000000 0.000000 0.000000 0.000000 0.000000 0.005920 0.000000 0.002919 0.000000 0.000000 0.000000 0.000000 0.000000 0.025619 
0.000000 0.002173 0.000000 0.000000 0.000000 0.000000 0.000000 0.000000 0.000000 0.000000 0.021459 0.000000 0.000000 0.007490 0.000000 0.005037 0.000429 0.004655 0.000000 0.000000 0.000000 0.000000 0.000000 0.001711 0.000000 0.000000 0.005801 0.000000 0.000000 0.000000 0.000000 0.000000 0.000000 0.000000 0.014187 0.000000 0.000000 0.000000 0.000000 0.000000 0.001427 0.000000 0.000000 0.000000 0.000000 0.000000 0.000000 0.000000 0.000000 0.002708 0.003916 0.009798 0.000000 0.003010 0.000000 0.003165 0.000000 0.072756 0.790627 0.007015 0.000000 0.006174 0.000000 0.000000 0.006539 0.003649 0.000000 0.000000 0.000000 0.000000 0.000000 0.000000 0.000000 0.000000 0.000000 0.009770 0.000000 0.000000 0.000000 0.000000 0.000000 0.016509 0.000000 0.000000 0.000000 0.000000 0.000000 0.000000 0.000000 0.000000 0.000000 0.000000 0.000000 0.000000 0.000000 0.000000 
0.000000 0.000000 0.000000 0.000000 0.000000 0.003081 0.000000 0.000000 0.000000 0.007862 0.009582 0.002084 0.000000 0.008425 0.001860 0.004112 0.048988 0.023269 0.036309 0.021521 0.001911 0.000000 0.000000 0.000000 0.000000 0.000000 0.000000 0.000000 0.000000 0.000000 0.000000 0.002493 0.000000 0.000000 0.005187 0.000000 0.000000 0.000000 0.000000 0.000000 0.028859 0.016711 0.026527 0.032191 0.000000 0.000000 0.000000 0.000000 0.000000 0.009046 0.001355 0.000000 0.000000 0.003624 0.001229 0.001229 0.006476 0.065687 0.021251 0.011688 0.003709 0.010349 0.002156 0.000000 0.153030 0.082864 0.100660 0.106487 0.000000 0.002837 0.000000 0.000000 0.000000 0.000000 0.000000 0.000000 0.000000 0.000000 0.000000 0.000000 0.005152 0.000000 0.000000 0.000000 0.000000 0.000000 0.000000 0.000000 0.037924 0.038757 0.021589 0.031929 0.000000 0.000000 0.000000 0.000000 
0.068875 0.046879 0.000000 0.000000 0.000000 0.028572 0.000000 0.000000 0.000000 0.000534 0.000000 0.000000 0.000000 0.000000 0.000000 0.000000 0.000000 0.000000 0.000000 0.000000 0.000000 0.000000 0.000000 0.000000 0.127174 0.064895 0.062647 0.000000 0.000000 0.000000 0.000000 0.000000 0.003332 0.000000 0.000000 0.000000 0.000000 0.000000 0.000000 0.005203 0.000000 0.000000 0.000000 0.000000 0.000000 0.000000 0.013206 0.000000 0.159828 0.075439 0.035564 0.084746 0.000000 0.021191 0.000000 0.000000 0.000000 0.000000 0.000003 0.000000 0.000000 0.000000 0.006413 0.000000 0.000000 0.000000 0.000000 0.000000 0.000000 0.000000 0.000000 0.000000 0.078277 0.079077 0.032698 0.000000 0.000000 0.000000 0.000000 0.000000 0.000000 0.005447 0.000000 0.000000 0.000000 0.000000 0.000000 0.000000 0.000000 0.000000 0.000000 0.000000 0.000000 0.000000 0.000000 0.000000 
0.000000 0.008563 0.000977 0.000000 0.000000 0.006932 0.000000 0.000000 0.000000 0.000000 0.000000 0.000000 0.000000 0.000000 0.000000 0.007039 0.000000 0.000000 0.000000 0.000000 0.000000 0.031432 0.013995 0.032462 0.018339 0.000000 0.000000 0.000000 0.000000 0.000000 0.000000 0.000000 0.000000 0.000000 0.000000 0.000000 0.000000 0.000000 0.000000 0.020415 0.000000 0.044859 0.000000 0.049172 0.031289 0.040031 0.060376 0.428076 0.006381 0.027897 0.000000 0.000000 0.000000 0.005287 0.000000 0.000000 0.000000 0.004950 0.000003 0.000000 0.000000 0.000000 0.000000 0.000000 0.000000 0.000000 0.000000 0.000000 0.000000 0.000000 0.000000 0.056836 0.000000 0.000000 0.000000 0.000000 0.000000 0.000000 0.000000 0.000000 0.000000 0.000996 0.000000 0.000000 0.000000 0.000000 0.000000 0.006487 0.000000 0.013772 0.000000 0.000000 0.000000 0.010091 0.029221 0.044120 
0.000000 0.000000 0.000000 0.000000 0.000000 0.000000 0.000000 0.000846 0.000000 0.005673 0.013407 0.000000 0.000000 0.000000 0.000000 0.000000 0.000000 0.000000 0.000000 0.000000 0.000000 0.000000 0.000000 0.000000 0.000000 0.000000 0.000000 0.000000 0.000000 0.000000 0.000000 0.000000 0.000000 0.000000 0.003108 0.000000 0.000000 0.000000 0.000000 0.000000 0.000000 0.000000 0.000000 0.000000 0.000000 0.000000 0.000000 0.000000 0.000000 0.000000 0.000000 0.000000 0.000000 0.000000 0.000000 0.000000 0.000000 0.000000 0.089812 0.030045 0.000000 0.000000 0.000000 0.000000 0.000000 0.000000 0.000000 0.000000 0.000000 0.000000 0.000000 0.000000 0.000000 0.000000 0.000000 0.000000 0.000000 0.000000 0.000000 0.000000 0.005780 0.000000 0.846665 0.000000 0.000000 0.000000 0.000000 0.000000 0.002845 0.000000 0.000000 0.000000 0.000000 0.000000 0.001818 0.000000 
0.000000 0.000000 0.000000 0.000000 0.000382 0.000000 0.000000 0.000000 0.002446 0.005673 0.429100 0.000000 0.000480 0.000000 0.000000 0.000000 0.000000 0.000000 0.000000 0.000000 0.000000 0.000000 0.000367 0.000000 0.000000 0.000000 0.000000 0.000000 0.000000 0.000000 0.000000 0.000000 0.004905 0.000000 0.420201 0.000000 0.000000 0.000000 0.000000 0.000000 0.000000 0.000000 0.000000 0.000632 0.000000 0.001155 0.000000 0.000000 0.000000 0.000000 0.000000 0.000000 0.000000 0.001920 0.000000 0.000000 0.000000 0.000000 0.078864 0.000000 0.000000 0.000000 0.000000 0.000000 0.000000 0.000000 0.000000 0.000000 0.000000 0.000000 0.000000 0.000000 0.000000 0.000000 0.000000 0.000000 0.000000 0.000903 0.000000 0.000000 0.003355 0.000000 0.046212 0.000000 0.000000 0.000000 0.000000 0.000000 0.000000 0.003404 0.000000 0.000000 0.000000 0.000000 0.000000 0.000000 
0.000000 0.000000 0.002798 0.000000 0.009094 0.000000 0.000000 0.022164 0.124927 0.045807 0.041878 0.123837 0.000000 0.000000 0.000000 0.005669 0.040515 0.008932 0.092591 0.033114 0.000000 0.000000 0.000000 0.000000 0.000000 0.001376 0.008484 0.000000 0.000000 0.000000 0.000000 0.000000 0.046629 0.000000 0.019150 0.057547 0.000000 0.000000 0.000000 0.000000 0.018021 0.000000 0.009594 0.017302 0.000000 0.000000 0.007262 0.000000 0.000000 0.000000 0.000000 0.000000 0.000000 0.000000 0.000000 0.006291 0.044203 0.000000 0.018246 0.048128 0.000000 0.000000 0.000000 0.000000 0.000000 0.000000 0.000000 0.000000 0.000000 0.000000 0.000000 0.000000 0.000000 0.000000 0.007264 0.000000 0.000000 0.000000 0.000000 0.000000 0.014908 0.000000 0.000000 0.000000 0.000000 0.000000 0.000000 0.000000 0.027724 0.019108 0.051132 0.026307 0.000000 0.000000 0.000000 0.000000 
0.012650 0.022969 0.017219 0.009895 0.015987 0.011228 0.015098 0.012115 0.000000 0.010200 0.000000 0.000000 0.000000 0.004494 0.012089 0.000000 0.015464 0.000000 0.002499 0.038023 0.006385 0.005197 0.006752 0.000000 0.003489 0.000000 0.000000 0.000000 0.025269 0.025413 0.022858 0.025146 0.021684 0.039039 0.053442 0.030353 0.000800 0.000000 0.010565 0.006999 0.004052 0.008906 0.000000 0.014563 0.003720 0.000000 0.000000 0.000000 0.016042 0.014508 0.019875 0.000424 0.017860 0.013985 0.017068 0.017888 0.000000 0.000000 0.000001 0.000000 0.001375 0.000000 0.004661 0.002977 0.000000 0.000000 0.000000 0.021028 0.005848 0.004549 0.013453 0.003047 0.012527 0.015971 0.008831 0.000000 0.030243 0.031741 0.018056 0.049494 0.034147 0.032721 0.000000 0.027137 0.000521 0.000000 0.002464 0.004894 0.002592 0.000000 0.000000 0.009769 0.006657 0.009989 0.013096 0.000000 
0.069040 0.000000 0.000000 0.155503 0.091410 0.000222 0.009350 0.048151 0.002682 0.048167 0.154674 0.108112 0.003062 0.025840 0.028150 0.205837 0.034582 0.015218 
0.070838 0.000000 0.000000 0.168444 0.116220 0.004866 0.000000 0.039297 0.007689 0.025717 0.196213 0.096197 0.004349 0.018891 0.032658 0.160335 0.045209 0.013077 
0.000010 0.000000 0.036688 0.010672 0.050064 0.058486 0.000000 0.010379 0.009184 0.044034 0.046580 0.083847 0.028604 0.000034 0.026773 0.112438 0.223377 0.258828 
0.008352 0.012075 0.000000 0.032632 0.090956 0.084359 0.000000 0.029498 0.039248 0.058626 0.035329 0.049951 0.017802 0.000015 0.040237 0.130233 0.144840 0.225845 
0.000009 0.042237 0.000000 0.022298 0.087830 0.033911 0.000000 0.014093 0.028245 0.055558 0.079857 0.016364 0.019989 0.000029 0.048258 0.123777 0.149689 0.277855 
0.020906 0.000000 0.000000 0.187262 0.110658 0.003244 0.020396 0.011925 0.002250 0.010125 0.174474 0.134622 0.008191 0.010275 0.043748 0.230622 0.028032 0.003270 
0.015359 0.000000 0.358778 0.008227 0.008501 0.002549 0.402754 0.002030 0.030203 0.018960 0.029388 0.004369 0.004913 0.000007 0.084616 0.015225 0.003626 0.010495 
0.044134 0.027649 0.000000 0.160452 0.045966 0.017943 0.000000 0.004925 0.012831 0.044819 0.242297 0.029184 0.011784 0.000012 0.050400 0.270021 0.033126 0.004457 
0.042007 0.000000 0.000000 0.203197 0.040028 0.008114 0.007795 0.024849 0.033322 0.000035 0.158777 0.057108 0.032033 0.017927 0.066286 0.231924 0.066129 0.010471 
0.021582 0.000000 0.000000 0.096687 0.027895 0.005139 0.007790 0.001895 0.002368 0.000041 0.240412 0.032964 0.006684 0.000013 0.079485 0.435007 0.033833 0.008206 
0.029090 0.000000 0.000000 0.138967 0.042391 0.000054 0.000000 0.010355 0.004353 0.000031 0.169897 0.045990 0.002528 0.011951 0.101203 0.426559 0.007414 0.009219 
0.000005 0.000000 0.000000 0.101811 0.061189 0.031326 0.000000 0.038099 0.039464 0.027131 0.324570 0.069400 0.012056 0.015368 0.037385 0.199354 0.023422 0.019419 
0.000006 0.000000 0.000000 0.216009 0.072723 0.014147 0.000000 0.019062 0.047505 0.035724 0.255320 0.059419 0.029632 0.016868 0.034750 0.163030 0.027887 0.007918 
0.034370 0.012928 0.000000 0.164711 0.023387 0.007219 0.000000 0.011556 0.051731 0.019619 0.183646 0.044850 0.000769 0.007694 0.054435 0.348169 0.015488 0.019427 
0.000002 0.008237 0.000000 0.159706 0.046505 0.012407 0.000000 0.009134 0.060724 0.128362 0.290735 0.123357 0.005947 0.000007 0.026630 0.084491 0.016542 0.027215 
0.057397 0.000000 0.000000 0.123503 0.088146 0.010342 0.000000 0.008216 0.025454 0.016730 0.177610 0.053074 0.007249 0.020743 0.059058 0.303068 0.028193 0.021218 
0.019092 0.000000 0.014399 0.187394 0.038316 0.036372 0.000000 0.068423 0.053502 0.024715 0.116526 0.230427 0.030889 0.000010 0.025593 0.089570 0.034469 0.030302 
0.040321 0.007402 0.000000 0.197924 0.084672 0.011249 0.000000 0.030370 0.021776 0.000039 0.154281 0.102966 0.021812 0.006645 0.055516 0.235834 0.023558 0.005635 
0.053715 0.000000 0.000000 0.159200 0.035074 0.004575 0.000000 0.011731 0.002083 0.006718 0.219572 0.055216 0.002489 0.012522 0.052317 0.350300 0.022582 0.011904 
0.171208 0.000000 0.000000 0.287882 0.137365 0.009825 0.000000 0.033643 0.001220 0.009019 0.077636 0.063735 0.001235 0.016662 0.024866 0.145983 0.019065 0.000654 
0.070844 0.000000 0.000000 0.124135 0.101517 0.011310 0.000000 0.010358 0.053517 0.021794 0.222584 0.068970 0.010534 0.015766 0.049461 0.176383 0.051771 0.011057 
0.000001 0.166237 0.606688 0.013885 0.008754 0.001079 0.000000 0.006215 0.002616 0.061529 0.035976 0.014701 0.000346 0.029719 0.039422 0.008966 0.001016 0.002850 
0.011921 0.000000 0.019323 0.014268 0.060136 0.041166 0.000000 0.014571 0.015892 0.000094 0.037937 0.102270 0.027208 0.007261 0.008132 0.177407 0.197833 0.264581 
0.000002 0.017622 0.000000 0.177562 0.044292 0.014367 0.000000 0.039252 0.040705 0.000018 0.180551 0.057559 0.012040 0.010774 0.060789 0.267812 0.046333 0.030320 
0.000015 0.000000 0.000000 0.022590 0.044661 0.012903 0.038408 0.066212 0.053024 0.000060 0.079531 0.020702 0.048079 0.000018 0.061979 0.153348 0.022233 0.376238 
0.129358 0.000000 0.000000 0.133165 0.044714 0.000277 0.022774 0.018888 0.051689 0.000059 0.146629 0.037583 0.117191 0.008145 0.064263 0.175588 0.029190 0.020488 
0.044807 0.000000 0.000000 0.105923 0.009069 0.049134 0.018100 0.024066 0.048920 0.000088 0.180724 0.037452 0.006837 0.000080 0.098974 0.319938 0.027699 0.028186 
0.054138 0.000000 0.021018 0.115834 0.163503 0.011814 0.000000 0.005917 0.028869 0.014052 0.076445 0.076447 0.091054 0.017891 0.045212 0.211448 0.009556 0.056803 
0.173428 0.000000 0.000000 0.036095 0.065960 0.010124 0.000000 0.006509 0.036873 0.000055 0.123188 0.035008 0.134933 0.017120 0.072884 0.234870 0.045509 0.007444 
0.124003 0.000000 0.000000 0.148233 0.048292 0.000710 0.004983 0.034567 0.008653 0.000073 0.152476 0.105850 0.072372 0.035808 0.026467 0.100689 0.072521 0.064304 
0.000017 0.000000 0.000000 0.021176 0.060863 0.022388 0.004518 0.032658 0.036245 0.000089 0.078109 0.011453 0.083714 0.016181 0.050031 0.178701 0.161877 0.241978 
0.034987 0.000000 0.011296 0.151490 0.033805 0.012282 0.019927 0.013390 0.042246 0.000030 0.092816 0.029364 0.083578 0.000014 0.062714 0.332898 0.051485 0.027678 
0.000015 0.000000 0.047869 0.027641 0.014293 0.000741 0.000000 0.074634 0.006358 0.000045 0.035877 0.030179 0.046780 0.000055 0.046327 0.155571 0.060336 0.453277 
0.012317 0.005855 0.000000 0.155254 0.157914 0.013018 0.000000 0.025437 0.043961 0.000011 0.106241 0.185064 0.001153 0.014590 0.030019 0.149445 0.067352 0.032370 
0.000012 0.000000 0.000000 0.018627 0.022740 0.030944 0.016162 0.088822 0.015881 0.000114 0.008353 0.054365 0.075408 0.015224 0.104178 0.173594 0.094065 0.281509 
0.016610 0.000000 0.041375 0.006035 0.003547 0.009978 0.000000 0.092417 0.006353 0.000111 0.083680 0.057769 0.092267 0.021754 0.039059 0.205459 0.092823 0.230765 
0.069295 0.000000 0.000000 0.258158 0.039430 0.007541 0.000000 0.041386 0.025192 0.012974 0.166780 0.060494 0.020502 0.000010 0.036723 0.179669 0.068564 0.013282 
0.050239 0.000000 0.000000 0.131702 0.050671 0.020405 0.000000 0.045563 0.045558 0.000034 0.160255 0.070185 0.018681 0.018561 0.039154 0.247398 0.071488 0.030106 
0.005371 0.000000 0.000000 0.167834 0.070162 0.006737 0.000000 0.023715 0.033863 0.000023 0.139681 0.092243 0.005358 0.007915 0.077156 0.308850 0.049218 0.011874 
0.010571 0.000000 0.000000 0.123669 0.156485 0.016870 0.000000 0.011243 0.025602 0.000021 0.109415 0.194407 0.003775 0.008510 0.045187 0.241991 0.047698 0.004555 
0.000011 0.000000 0.000000 0.040954 0.029669 0.037583 0.030460 0.267562 0.013229 0.000055 0.085414 0.010432 0.071547 0.011312 0.043910 0.153107 0.011478 0.193277 
0.034866 0.000000 0.000000 0.011079 0.067789 0.015307 0.000000 0.071454 0.004305 0.018173 0.077836 0.039840 0.076869 0.000046 0.053526 0.166501 0.085948 0.276459 
0.204075 0.000000 0.009583 0.182669 0.046614 0.020048 0.000000 0.080528 0.058897 0.012340 0.075479 0.101291 0.018671 0.009175 0.018168 0.068624 0.069878 0.023960 
0.000001 0.001671 0.000000 0.070082 0.023909 0.081173 0.003150 0.089908 0.030433 0.023424 0.047620 0.473277 0.009528 0.000003 0.019483 0.074198 0.028753 0.023386 
0.000001 0.000000 0.000000 0.064715 0.022408 0.087593 0.003852 0.094427 0.040910 0.017814 0.046141 0.456303 0.011938 0.002233 0.019515 0.072561 0.033544 0.026045 
0.000013 0.000000 0.022693 0.028266 0.038399 0.009341 0.000000 0.042506 0.041910 0.000053 0.089169 0.047611 0.027513 0.000016 0.037260 0.174839 0.145140 0.295271 
0.000003 0.000000 0.011404 0.199916 0.053078 0.034280 0.000000 0.037008 0.033639 0.017867 0.185560 0.054443 0.007086 0.003302 0.057894 0.223643 0.038042 0.042835 
0.000000 0.187942 0.474583 0.011863 0.030422 0.004412 0.062572 0.017476 0.002301 0.023360 0.012443 0.001935 0.001561 0.057606 0.071416 0.018788 0.008078 0.013242 
0.018119 0.000000 0.000000 0.230115 0.075245 0.025254 0.012436 0.051566 0.027454 0.015267 0.123093 0.118225 0.014150 0.000023 0.031431 0.153427 0.086348 0.017849 
0.351112 0.000000 0.011148 0.160801 0.031923 0.020611 0.000000 0.061772 0.007242 0.016424 0.082421 0.090817 0.006119 0.010060 0.018685 0.086520 0.031846 0.012499 
0.000002 0.000000 0.000000 0.174946 0.047611 0.011406 0.001158 0.055934 0.077194 0.009478 0.122360 0.126383 0.018266 0.009171 0.039085 0.148152 0.134057 0.024798 
0.237329 0.000000 0.007307 0.162455 0.043625 0.016705 0.000000 0.085715 0.064143 0.011121 0.081587 0.083297 0.014579 0.008174 0.017522 0.078112 0.060544 0.027785 
0.230749 0.000000 0.007144 0.128986 0.049219 0.009264 0.004730 0.069137 0.053833 0.020286 0.111428 0.097242 0.015748 0.011243 0.019897 0.095398 0.050322 0.025376 
0.000009 0.045819 0.000000 0.012648 0.032372 0.002395 0.017827 0.117643 0.007901 0.000094 0.045581 0.024389 0.031051 0.000069 0.048810 0.169049 0.021310 0.423033 
0.056933 0.023685 0.000000 0.048009 0.042003 0.063083 0.000000 0.087815 0.067176 0.016660 0.074625 0.002689 0.076587 0.000053 0.043429 0.080038 0.029180 0.288036 
0.000012 0.000000 0.036933 0.021119 0.012108 0.039368 0.000000 0.026525 0.033375 0.015977 0.052134 0.040568 0.073035 0.016786 0.071092 0.314220 0.145266 0.101483 
0.000009 0.000000 0.027595 0.035358 0.039248 0.048357 0.000000 0.112785 0.050558 0.000044 0.079399 0.033335 0.103110 0.010845 0.032003 0.140569 0.058297 0.228488 
0.000001 0.229267 0.082594 0.024575 0.005112 0.001450 0.268732 0.011027 0.073013 0.063737 0.084911 0.028340 0.000139 0.014326 0.067571 0.029966 0.003674 0.011565 
0.043450 0.018464 0.036554 0.040323 0.033384 0.054352 0.000000 0.219009 0.022234 0.000049 0.063842 0.007569 0.101480 0.014910 0.038572 0.110490 0.025689 0.169629 
0.036074 0.000000 0.021100 0.008019 0.032332 0.641212 0.000000 0.018928 0.004341 0.007424 0.010431 0.015345 0.034767 0.012325 0.013839 0.024618 0.020710 0.098534 
0.039098 0.096301 0.498104 0.005594 0.015946 0.002495 0.000000 0.003949 0.033427 0.027644 0.049459 0.024437 0.004563 0.009618 0.099953 0.067725 0.008015 0.013670 
0.044794 0.000000 0.000000 0.183858 0.075517 0.007666 0.000000 0.032925 0.019915 0.031388 0.185469 0.018260 0.028441 0.000007 0.045665 0.273517 0.024066 0.028512 
0.036265 0.000000 0.000000 0.191673 0.075787 0.009283 0.000000 0.033238 0.030087 0.028961 0.183166 0.019522 0.024761 0.000006 0.043361 0.268406 0.027753 0.027731 
0.009076 0.000000 0.000000 0.167872 0.067676 0.017492 0.000000 0.007382 0.037781 0.019030 0.166307 0.068818 0.013979 0.023827 0.056309 0.263618 0.057892 0.022939 
0.010581 0.000000 0.000000 0.181977 0.062000 0.016586 0.000000 0.005227 0.032932 0.032389 0.167708 0.071697 0.019825 0.018296 0.057002 0.245648 0.057429 0.020701 
0.000006 0.048575 0.004081 0.025528 0.102841 0.019290 0.000000 0.025460 0.019031 0.000025 0.077452 0.055165 0.024832 0.000009 0.016380 0.204914 0.128650 0.247762 
0.000005 0.042763 0.006249 0.026580 0.101450 0.022656 0.000000 0.036147 0.010506 0.000026 0.081576 0.053441 0.024620 0.000010 0.019035 0.205211 0.132912 0.236814 
0.000006 0.000000 0.010118 0.025903 0.089811 0.025085 0.000000 0.028004 0.012383 0.000039 0.097462 0.056790 0.029232 0.000010 0.042230 0.185141 0.128946 0.268841 
0.000005 0.023119 0.000000 0.023808 0.091081 0.016715 0.000000 0.025436 0.012877 0.000045 0.109092 0.055104 0.013014 0.000011 0.034244 0.196907 0.135774 0.262768 
0.000008 0.000000 0.000000 0.021792 0.076038 0.033943 0.014816 0.090283 0.014962 0.022863 0.085497 0.012618 0.039030 0.028624 0.056811 0.176375 0.134194 0.192144 
0.000001 0.000000 0.000000 0.144862 0.078742 0.009295 0.000000 0.023922 0.050390 0.020460 0.159440 0.261335 0.007315 0.019749 0.034891 0.157601 0.018541 0.013454 
0.000001 0.005390 0.000000 0.198008 0.059291 0.008489 0.000000 0.349705 0.066951 0.013603 0.051925 0.043592 0.009662 0.007619 0.024699 0.070632 0.055998 0.034435 
0.000004 0.000000 0.000000 0.178767 0.130065 0.001198 0.005661 0.035275 0.045539 0.044557 0.146491 0.051124 0.007543 0.007779 0.041579 0.199687 0.054246 0.050485 
0.000003 0.010650 0.000000 0.125260 0.043041 0.018938 0.000000 0.062373 0.079515 0.019419 0.276117 0.050360 0.008162 0.005371 0.035738 0.128340 0.091592 0.045122 
0.000002 0.000000 0.000000 0.132755 0.050105 0.017332 0.000000 0.024353 0.079158 0.029334 0.199227 0.165293 0.018350 0.009689 0.037345 0.122915 0.050060 0.064084 
0.031052 0.000000 0.000000 0.201730 0.076350 0.012318 0.000000 0.024130 0.063991 0.095230 0.183974 0.044433 0.008033 0.000011 0.021038 0.146034 0.042918 0.048758 
0.000002 0.000000 0.000000 0.220139 0.080243 0.004884 0.000000 0.022635 0.056595 0.000015 0.128812 0.073101 0.012555 0.007276 0.061230 0.234866 0.081544 0.016104 
0.014757 0.016155 0.000000 0.128455 0.127378 0.016995 0.000000 0.041529 0.027211 0.121789 0.149057 0.081816 0.015426 0.000007 0.023276 0.144713 0.052699 0.038737 
0.019381 0.010200 0.000000 0.122978 0.122576 0.014594 0.000000 0.033084 0.034782 0.110818 0.156427 0.079013 0.015591 0.000007 0.021867 0.144499 0.066047 0.048136 
0.000001 0.000000 0.000000 0.208254 0.083926 0.006945 0.000000 0.039432 0.161651 0.000009 0.077114 0.028288 0.034062 0.003387 0.021318 0.093112 0.208409 0.034092 
0.000012 0.000000 0.067998 0.010804 0.042028 0.012396 0.000000 0.064893 0.020574 0.048809 0.105038 0.017318 0.096606 0.000049 0.063146 0.198753 0.054092 0.197485 
0.027311 0.043196 0.000000 0.022125 0.074018 0.044738 0.000000 0.049384 0.024728 0.000096 0.052191 0.036149 0.021410 0.033472 0.089951 0.160901 0.080035 0.240296 
0.038262 0.000000 0.214785 0.014631 0.005552 0.000148 0.421933 0.000982 0.033225 0.042041 0.127912 0.027225 0.006320 0.000035 0.008036 0.056482 0.001815 0.000618 
0.020311 0.013511 0.000000 0.164083 0.130326 0.037888 0.000000 0.047272 0.071873 0.000007 0.064710 0.180267 0.025236 0.012609 0.019591 0.079213 0.082342 0.050761 
0.000015 0.000000 0.022208 0.040013 0.100958 0.037604 0.000000 0.026409 0.012597 0.000070 0.086814 0.040021 0.007002 0.000030 0.054773 0.134643 0.135527 0.301316 
0.000001 0.000000 0.000000 0.174530 0.020346 0.004677 0.000000 0.034946 0.107098 0.017600 0.296691 0.053439 0.010539 0.000002 0.038899 0.184362 0.046841 0.010029 
0.000008 0.000000 0.000000 0.005123 0.067360 0.021448 0.013050 0.085140 0.003421 0.033605 0.032607 0.004734 0.006854 0.010893 0.065253 0.256762 0.135718 0.258023 
0.005965 0.000000 0.000000 0.033878 0.026855 0.089459 0.000000 0.028989 0.034264 0.000062 0.044172 0.030155 0.087729 0.035633 0.075266 0.141803 0.112386 0.253384 
0.020950 0.000000 0.000000 0.216004 0.035656 0.009995 0.010136 0.029717 0.033283 0.020080 0.160547 0.049702 0.005350 0.000005 0.055692 0.252706 0.074084 0.026094 
0.000002 0.000000 0.008634 0.248421 0.101877 0.005810 0.000000 0.036815 0.065045 0.024495 0.105740 0.055442 0.016647 0.008710 0.034974 0.142116 0.103050 0.042223 
0.014541 0.000000 0.000000 0.016928 0.007112 0.043217 0.018785 0.105971 0.047188 0.000099 0.048427 0.023954 0.133146 0.043019 0.031389 0.175868 0.107765 0.182592 
0.000007 0.000000 0.000000 0.007989 0.019692 0.061734 0.026030 0.056684 0.048547 0.000062 0.029505 0.029473 0.077083 0.022482 0.078086 0.172091 0.163769 0.206765 
0.000011 0.000000 0.000000 0.004328 0.061099 0.029404 0.054782 0.105781 0.007932 0.007924 0.096087 0.012549 0.050650 0.000081 0.032966 0.256261 0.048168 0.231979 
0.109374 0.000000 0.138831 0.019267 0.006361 0.030931 0.000000 0.112858 0.002474 0.000040 0.049973 0.016509 0.258134 0.000019 0.015823 0.113258 0.064042 0.062107 
0.000002 0.003150 0.000000 0.216376 0.055976 0.017193 0.007834 0.144574 0.067916 0.011443 0.112476 0.048454 0.020979 0.000007 0.024445 0.136753 0.101417 0.031005 
0.029956 0.000000 0.015759 0.033798 0.008944 0.093246 0.000000 0.180971 0.011905 0.000053 0.078722 0.036095 0.048203 0.045130 0.023129 0.077516 0.150153 0.166421 
0.030600 0.034679 0.000000 0.056350 0.021994 0.030221 0.011208 0.306157 0.012660 0.007188 0.064933 0.013816 0.066990 0.020433 0.017305 0.075473 0.100305 0.129686 
0.000011 0.000000 0.095553 0.039748 0.047730 0.083356 0.000000 0.110789 0.002328 0.000065 0.044529 0.033761 0.086032 0.007300 0.021706 0.116012 0.104052 0.207028 
0.018602 0.000000 0.000000 0.104894 0.130564 0.017117 0.000000 0.008065 0.042969 0.062856 0.172649 0.086053 0.012448 0.030670 0.038197 0.195879 0.044386 0.034651 
0.000005 0.000000 0.000000 0.015542 0.002468 0.006698 0.000000 0.052787 0.022758 0.000074 0.035434 0.006533 0.000582 0.015596 0.281660 0.409314 0.094625 0.055923 
0.000008 0.000000 0.000000 0.003839 0.024680 0.004557 0.000000 0.095677 0.093503 0.000103 0.073699 0.002711 0.006434 0.017196 0.131501 0.416357 0.055724 0.074010 
0.000009 0.022110 0.000000 0.029704 0.017785 0.032499 0.000000 0.031702 0.035607 0.000050 0.056165 0.033387 0.032963 0.000008 0.194790 0.402504 0.036692 0.074025 
0.000006 0.017827 0.000000 0.142080 0.024586 0.011678 0.013125 0.025810 0.011846 0.013722 0.111369 0.185114 0.006242 0.005915 0.052808 0.276862 0.068606 0.032405 
0.000003 0.000000 0.000000 0.156371 0.094847 0.010180 0.000000 0.012583 0.033908 0.000036 0.162461 0.020822 0.005556 0.000007 0.072970 0.379950 0.042612 0.007694 
0.000007 0.000000 0.000000 0.044761 0.005403 0.018747 0.000000 0.016887 0.035706 0.000112 0.086718 0.002260 0.029957 0.000239 0.140306 0.400163 0.051693 0.167040 
0.001072 0.212729 0.159777 0.011499 0.002976 0.003446 0.215748 0.023050 0.022209 0.051222 0.051816 0.026260 0.002276 0.025027 0.110303 0.065298 0.012576 0.002716 
0.035364 0.000000 0.000000 0.040985 0.237431 0.032777 0.000000 0.004438 0.001789 0.000025 0.152035 0.153329 0.013907 0.018528 0.028722 0.119970 0.063455 0.097246 
0.000009 0.000000 0.000000 0.038587 0.044744 0.000417 0.000000 0.028883 0.053055 0.000049 0.232900 0.055237 0.045802 0.005749 0.086442 0.258659 0.074292 0.075176 
0.000006 0.000000 0.000000 0.151899 0.163157 0.000339 0.000000 0.006557 0.051040 0.040521 0.118021 0.123969 0.016338 0.029711 0.044847 0.210310 0.040097 0.003188 
0.021413 0.000000 0.000000 0.186322 0.114789 0.006533 0.000000 0.030571 0.028997 0.009620 0.145617 0.099742 0.038787 0.008110 0.045252 0.198421 0.055769 0.010057 
0.007154 0.000000 0.000000 0.139267 0.100921 0.002211 0.000000 0.019336 0.002941 0.002983 0.182543 0.054664 0.003655 0.013147 0.080145 0.356297 0.033116 0.001621 
0.007795 0.000000 0.000000 0.139043 0.082245 0.017527 0.000000 0.018735 0.041474 0.015963 0.131600 0.133411 0.010491 0.000004 0.055621 0.253796 0.046552 0.045742 
0.020049 0.000000 0.000000 0.143238 0.055632 0.007929 0.009135 0.019976 0.055130 0.000019 0.150568 0.048847 0.029036 0.020960 0.066097 0.276489 0.065225 0.031669 
0.013002 0.000000 0.000000 0.051687 0.130101 0.029529 0.000000 0.058683 0.042895 0.000077 0.225824 0.091016 0.025630 0.000027 0.036681 0.229363 0.033032 0.032452 
0.000002 0.000000 0.000000 0.154683 0.057670 0.012666 0.004486 0.042368 0.030317 0.029480 0.204507 0.090226 0.015126 0.009854 0.043398 0.239693 0.046527 0.018997 
0.008928 0.000000 0.000000 0.217495 0.082855 0.008064 0.007285 0.032934 0.049213 0.007574 0.138558 0.082686 0.012225 0.000012 0.048660 0.233137 0.056242 0.014133 
0.000003 0.000000 0.000000 0.167254 0.086210 0.006359 0.000000 0.044998 0.036579 0.000013 0.160950 0.042609 0.018676 0.002803 0.060164 0.323892 0.044160 0.005330 
0.020414 0.000000 0.000000 0.282993 0.076357 0.010193 0.009446 0.027011 0.006996 0.010239 0.133881 0.063809 0.026859 0.008181 0.031280 0.200780 0.081414 0.010146 
0.022266 0.000000 0.000000 0.124278 0.129540 0.003941 0.011153 0.020869 0.064422 0.000026 0.074009 0.077456 0.061421 0.032231 0.064719 0.250482 0.028213 0.034973 
0.014100 0.000000 0.000000 0.177566 0.077171 0.008528 0.000000 0.025325 0.036434 0.009554 0.193295 0.019787 0.015906 0.006744 0.057148 0.280807 0.054778 0.022856 
0.000003 0.000000 0.000000 0.144070 0.062521 0.015755 0.000000 0.031095 0.047672 0.017539 0.147384 0.095771 0.017025 0.000011 0.061472 0.276973 0.065537 0.017173 
0.004985 0.000000 0.000000 0.143672 0.103477 0.003477 0.000000 0.042204 0.024212 0.054440 0.102672 0.058214 0.003638 0.007280 0.085846 0.312345 0.044455 0.009083 
0.000008 0.070782 0.000000 0.003964 0.028221 0.017073 0.000000 0.061521 0.013143 0.000063 0.059848 0.015700 0.011087 0.000015 0.152274 0.462523 0.052050 0.051728 
0.000004 0.000000 0.000000 0.227312 0.075762 0.001036 0.029809 0.039339 0.036625 0.013710 0.118955 0.068662 0.025887 0.004767 0.028829 0.237981 0.074473 0.016848 
0.016088 0.000000 0.000000 0.155922 0.060491 0.003468 0.012352 0.006236 0.007466 0.000015 0.235077 0.036326 0.004760 0.005322 0.062160 0.351412 0.037007 0.005897 
0.009503 0.000000 0.000000 0.198670 0.050143 0.005950 0.023616 0.031473 0.017042 0.007414 0.126729 0.083419 0.017330 0.000011 0.051774 0.277765 0.073142 0.026019 
0.059406 0.000000 0.000000 0.049131 0.027635 0.058677 0.000000 0.092631 0.005468 0.000062 0.052242 0.003443 0.267674 0.019814 0.022059 0.081334 0.031511 0.228913 
0.000015 0.000000 0.043258 0.055872 0.005185 0.082126 0.000000 0.003703 0.033255 0.000109 0.070654 0.033513 0.017159 0.006449 0.079937 0.284933 0.036219 0.247614 
0.027108 0.000000 0.000000 0.232611 0.090402 0.010030 0.055645 0.023916 0.046575 0.000054 0.140542 0.019482 0.022228 0.017010 0.028592 0.163761 0.113812 0.008231 
0.007287 0.000000 0.005343 0.111932 0.163900 0.016178 0.000000 0.022220 0.013873 0.000030 0.161323 0.081517 0.013486 0.004307 0.058307 0.274594 0.049606 0.016098 
0.000004 0.000000 0.000000 0.126929 0.056744 0.005659 0.000000 0.020588 0.030770 0.000902 0.186124 0.038202 0.008603 0.011435 0.065325 0.389817 0.038450 0.020448 
0.028907 0.000000 0.000000 0.173013 0.057900 0.012910 0.000000 0.017335 0.005373 0.047685 0.160802 0.034264 0.044805 0.013873 0.055415 0.172599 0.096551 0.078568 
0.000009 0.000000 0.000000 0.087883 0.033203 0.028071 0.020136 0.057108 0.038601 0.036916 0.202525 0.053018 0.020348 0.020459 0.072560 0.222834 0.067176 0.039153 
0.000006 0.000000 0.000000 0.003569 0.010317 0.015936 0.018540 0.019701 0.015613 0.000056 0.041406 0.003805 0.018711 0.000028 0.241723 0.490751 0.057270 0.062568 
0.039327 0.000000 0.000000 0.148929 0.111086 0.006489 0.000000 0.017409 0.052663 0.005473 0.152490 0.136630 0.013653 0.013825 0.037907 0.189116 0.062421 0.012582 
0.018765 0.000000 0.000000 0.209429 0.130840 0.008498 0.016020 0.036191 0.016953 0.026202 0.159162 0.038075 0.018417 0.005878 0.050740 0.174495 0.061938 0.028396 
0.000002 0.000000 0.000000 0.185850 0.149145 0.016853 0.004486 0.024957 0.043629 0.000011 0.115051 0.133161 0.009902 0.018817 0.033512 0.169342 0.083571 0.011712 
0.000005 0.029553 0.000000 0.209432 0.088212 0.018511 0.000000 0.057949 0.064316 0.000034 0.153727 0.014320 0.024092 0.012466 0.039329 0.234477 0.035614 0.017964 
0.000004 0.036387 0.000000 0.198873 0.113675 0.015191 0.000000 0.019560 0.065120 0.019236 0.140116 0.093485 0.017337 0.000014 0.017656 0.162343 0.061190 0.039815 
0.000001 0.039302 0.435110 0.015645 0.002469 0.003191 0.201414 0.000531 0.040858 0.052294 0.036136 0.010355 0.000262 0.000003 0.097495 0.054601 0.008729 0.001606 
0.000006 0.000000 0.000000 0.157797 0.066362 0.004496 0.000000 0.042024 0.042763 0.000043 0.123017 0.068070 0.006472 0.011110 0.074943 0.272262 0.093193 0.037442 
0.010594 0.000000 0.000000 0.018624 0.039474 0.047230 0.000000 0.123974 0.056831 0.000092 0.049706 0.051003 0.111864 0.022250 0.012515 0.137015 0.083449 0.235379 
0.000003 0.000000 0.000000 0.002690 0.001492 0.016789 0.000000 0.142134 0.001175 0.000087 0.006448 0.005126 0.008729 0.008926 0.216899 0.494498 0.027505 0.067500 
0.041661 0.000000 0.000000 0.204562 0.019566 0.008235 0.006946 0.023532 0.064901 0.000029 0.172259 0.018919 0.024797 0.003651 0.049737 0.270825 0.085259 0.005120 
0.048732 0.000000 0.000000 0.113570 0.062569 0.021064 0.009089 0.023825 0.041337 0.015294 0.149042 0.151657 0.029304 0.014701 0.039483 0.215263 0.053552 0.011518 
0.000009 0.047483 0.000000 0.021886 0.007103 0.025531 0.000000 0.092596 0.050249 0.000054 0.039299 0.014940 0.043868 0.004230 0.071326 0.246014 0.153740 0.181671 
0.000004 0.000000 0.362493 0.004273 0.006496 0.000558 0.297274 0.029082 0.047842 0.019325 0.047415 0.007421 0.024713 0.000015 0.087442 0.040591 0.021118 0.003937 
0.000004 0.000000 0.000000 0.175803 0.042633 0.009863 0.007372 0.034011 0.043957 0.016901 0.129425 0.055065 0.028502 0.000017 0.065057 0.333283 0.039420 0.018687 
0.033915 0.013151 0.000000 0.199509 0.075683 0.015357 0.000000 0.034095 0.016771 0.023040 0.109887 0.073021 0.013383 0.008627 0.028534 0.240876 0.084249 0.029901 
