	Predicted_signature_1	Predicted_signature_2	Predicted_signature_3	Predicted_signature_4	Predicted_signature_5	Predicted_signature_6	Predicted_signature_7	Predicted_signature_8	Predicted_signature_9	Predicted_signature_10	Predicted_signature_11	Predicted_signature_12	Predicted_signature_13	
Sample_1	0.023598	0.17474	0.016453	0.204176	0.028012	0.001329	0.184723	0.002011	0.063999	0.086779	0.044219	0.078208	0.091753	
Sample_2	0.012865	0.178666	0.044551	0.206001	0.053724	0.001104	0.14751	0.002044	0.081221	0.07341	0.057211	0.079301	0.062394	
Sample_3	0.009776	0.149333	0.026982	0.229828	0.028155	0.00593	0.179704	0.009342	0.100139	0.083044	0.029234	0.065422	0.083111	
Sample_4	0.01731	0.165634	0.029837	0.25173	0.02255	0.020728	0.171961	0.00797	0.066385	0.086525	0.034546	0.043222	0.081602	
Sample_5	0.015139	0.161392	0.011756	0.237641	0.018737	0.00197	0.195551	0.015185	0.085018	0.094996	0.018944	0.024268	0.119404	
Sample_6	0.003568	0.180408	0.019085	0.269454	0.0674	0.020585	0.129487	0.018997	0.029178	0.087968	0.043893	0.062475	0.067501	
Sample_7	0.007902	0.208806	0.027724	0.201808	0.039506	0.01529	0.136098	0.036107	0.108353	0.077456	0.026532	0.041309	0.073108	
Sample_8	0.018841	0.235841	0.026844	0.24577	0.03114	0.011915	0.107827	0.006746	0.131371	0.056118	0.046839	0.041145	0.039604	
Sample_9	0.012631	0.200194	0.031334	0.230082	0.050948	8e-06	0.096625	0.018917	0.105851	0.103854	0.014493	0.079778	0.055286	
Sample_10	0.009754	0.182556	0.028399	0.275088	0.051718	6e-06	0.115222	0.001545	0.133632	0.071423	0.013727	0.052541	0.064389	
Sample_11	0.001501	0.189982	0.020715	0.188865	0.045392	0.030404	0.133893	0.002672	0.08997	0.140086	0.035734	0.050104	0.07068	
Sample_12	0.014731	0.204791	0.017119	0.139505	0.023219	0.046895	0.12694	0.005962	0.064027	0.106891	0.049618	0.072208	0.128093	
Sample_13	0.007977	0.177749	0.021194	0.207101	0.007168	0.017464	0.192401	0.003349	0.187081	0.047741	0.001111	0.033217	0.096447	
Sample_14	0.021399	0.160578	0.014658	0.222501	0.024222	0.029184	0.145006	0.005288	0.14204	0.102485	0.016044	0.005605	0.110991	
Sample_15	0.009936	0.291467	0.008837	0.212614	0.016764	0.003899	0.213129	0.00817	0.063878	0.070048	0.00832	0.025006	0.067932	
Sample_16	0.008257	0.26305	0.017714	0.170143	0.035075	0.00744	0.180824	0.043271	0.058856	0.07737	0.015336	0.033103	0.089562	
Sample_17	0.008607	0.324896	0.014525	0.178419	0.034581	0.009907	0.203664	0.000188	0.032832	0.022436	0.029837	0.047859	0.092248	
Sample_18	0.033223	0.270368	0.032947	0.188217	0.030793	0.012298	0.141083	0.020078	0.06235	0.041431	0.018297	0.057915	0.091001	
Sample_19	0.00982	0.305226	0.022953	0.183815	0.025582	0.010735	0.12338	0.010093	0.089924	0.053755	0.02333	0.041061	0.100325	
Sample_20	0.012415	0.304868	0.021691	0.168418	0.026704	0.014481	0.116187	0.066696	0.080065	0.044466	0.005576	0.028859	0.109574	
Sample_21	0.010439	0.263761	0.01483	0.133145	0.014166	0.013878	0.175566	0.073748	0.0977	0.066431	0.021412	0.036161	0.078763	
Sample_22	0.0045	0.237045	0.018336	0.252303	0.01927	0.003626	0.162382	0.025533	0.065423	0.066267	0.020955	0.04973	0.07463	
Sample_23	0.006521	0.240625	0.024285	0.238829	0.040521	0.01126	0.123496	0.028191	0.069358	0.08562	0.02093	0.025047	0.085317	
Sample_24	0.008298	0.284025	0.020271	0.240717	0.028786	0.005289	0.170064	0.013376	0.065494	0.065379	0.021181	0.012161	0.064959	
Sample_25	0.010144	0.266809	0.018064	0.230134	0.028022	0.007162	0.147478	0.016978	0.085047	0.08386	0.026527	0.026994	0.052781	
Sample_26	0.00531	0.262284	0.019636	0.241998	0.048714	0.012522	0.158225	0.003779	0.042309	0.088726	0.01847	0.029076	0.06895	
Sample_27	0.0106	0.303713	0.024086	0.238017	0.01973	0.007106	0.111176	0.013687	0.071027	0.095517	0.018132	0.023267	0.063943	
Sample_28	0.008277	0.287579	0.029053	0.221701	0.036242	0.016543	0.127042	0.012859	0.055845	0.101081	0.023599	0.02239	0.057792	
Sample_29	0.006464	0.285125	0.024788	0.285459	0.008697	0.001119	0.145638	0.018236	0.080128	0.032565	0.020097	0.027661	0.064022	
Sample_30	0.002166	0.244078	0.017137	0.251459	0.043278	0.004225	0.122389	0.039513	0.093249	0.04725	0.025668	0.045752	0.063835	
Sample_31	0.010998	0.243134	0.016161	0.262909	0.007442	0.00539	0.150073	0.036433	0.030722	0.075017	0.012904	0.023997	0.124819	
Sample_32	0.010221	0.331619	0.025232	0.298348	0.00693	0.005349	0.123263	0.012298	0.034036	0.062976	0.010491	0.011588	0.06765	
Sample_33	0.011882	0.368044	0.022461	0.246391	0.025178	0.009686	0.088658	0.0066	0.059718	0.062033	0.016779	0.022944	0.059625	
Sample_34	0.010791	0.279398	0.022078	0.132834	0.044227	0.001224	0.07051	0.016697	0.104001	0.118444	0.020718	0.019264	0.159815	
Sample_35	0.008124	0.24677	0.008008	0.151309	0.050318	1.9e-05	0.083115	0.037399	0.062341	0.107788	0.040214	0.067029	0.137564	
Sample_36	0.000647	0.263641	0.0186	0.170558	0.090087	0.001481	0.065555	0.047918	0.061475	0.118184	0.037568	0.046752	0.077535	
Sample_37	0.007871	0.271427	0.043124	0.199504	0.053012	0.007511	0.063548	0.047261	0.033953	0.101018	0.014925	0.054603	0.102245	
Sample_38	0.009141	0.279009	0.028226	0.117353	0.034663	2.5e-05	0.083996	0.025044	0.144597	0.085423	0.057742	0.056354	0.078427	
Sample_39	0.011964	0.28597	0.05562	0.124092	0.068005	0.020931	0.058662	0.013439	0.094067	0.09121	0.019372	0.0802	0.076469	
Sample_40	0.010811	0.205184	0.020803	0.331353	0.032019	1.5e-05	0.030627	0.004549	0.071737	0.132865	0.020126	0.0312	0.10871	
Sample_41	0.002981	0.191526	0.002283	0.332061	0.069569	0.010898	0.123113	0.013461	0.034159	0.022733	0.004132	0.050205	0.142878	
Sample_42	0.012197	0.193371	0.024017	0.168087	0.014342	0.171509	0.129052	0.006377	0.048113	0.046614	0.038062	0.09477	0.053488	
Sample_43	0.013614	0.182193	0.011359	0.157981	0.036425	0.099059	0.117174	0.037284	0.061748	0.04639	0.048039	0.109465	0.079267	
Sample_44	0.008475	0.163782	0.022105	0.133082	0.031321	0.172015	0.085202	0.010804	0.078206	0.041211	0.052774	0.090443	0.11058	
Sample_45	0.007299	0.110524	0.039675	0.17755	0.028185	2.8e-05	0.206602	0.039634	0.122579	0.039542	0.121352	0.048342	0.058687	
Sample_46	0.020229	0.099838	0.02725	0.20498	0.068885	3e-06	0.08033	0.081056	0.086117	0.09478	0.087223	0.03637	0.112938	
Sample_47	0.011528	0.222877	0.025025	0.122748	0.060077	7e-06	0.170595	0.010658	0.082606	0.102182	0.020341	0.01606	0.155298	
Sample_48	0.043709	0.273363	0.024393	0.135659	0.004097	0.005115	0.176658	0.000723	0.075695	0.088449	0.025875	0.009923	0.13634	
Sample_49	0.014933	0.272215	0.001228	0.088515	0.022137	0.007696	0.167639	0.015385	0.061132	0.106663	0.027666	0.043705	0.171084	
Sample_50	0.016568	0.282675	0.006049	0.079889	0.009898	0.013312	0.151425	0.010158	0.093671	0.089008	0.049996	0.029103	0.168249	
Sample_51	0.010374	0.295955	0.028209	0.034591	0.036317	0.005777	0.166632	0.004303	0.057145	0.128095	0.047077	0.00562	0.179905	
Sample_52	0.016673	0.233853	0.018363	0.050621	0.032838	0.01545	0.178848	0.006699	0.106427	0.11313	0.085311	0.027416	0.114372	
Sample_53	0.014977	0.191457	0.015249	0.071055	0.028958	0.016971	0.18484	0.006033	0.070779	0.126899	0.075374	0.037203	0.160204	
Sample_54	0.010883	0.230085	0.016336	0.045245	0.009402	0.018501	0.24745	0.001976	0.104566	0.039374	0.031143	0.023155	0.221884	
Sample_55	0.018913	0.272082	0.001021	0.023301	0.018146	0.008613	0.25522	0.000344	0.093966	0.07474	0.031831	0.01382	0.188003	
Sample_56	0.023107	0.224418	0.009888	0.063666	0.058385	0.008128	0.213292	0.00659	0.102108	0.070547	0.006299	0.026013	0.187558	
Sample_57	0.001378	0.238556	0.009908	0.057177	0.032025	8e-06	0.220986	0.007421	0.119251	0.085172	0.040403	0.012251	0.175463	
Sample_58	0.01179	0.235793	0.026579	0.04842	0.034348	0.005034	0.174985	0.02734	0.095929	0.050665	0.032688	0.054373	0.202057	
Sample_59	0.025228	0.225681	0.018913	0.085015	0.039777	0.005942	0.180545	0.006487	0.061	0.057999	0.039582	0.052619	0.201211	
Sample_60	0.016568	0.307911	0.022423	0.066779	0.011917	0.020142	0.182501	0.000399	0.110979	0.048604	0.01449	0.017043	0.180244	
Sample_61	0.012736	0.329535	0.003302	0.031298	0.01967	0.008511	0.20384	0.002484	0.113146	0.05078	0.006386	0.015996	0.202316	
Sample_62	0.008492	0.257988	0.045158	0.081541	0.048107	3e-05	0.180183	0.002808	0.119161	0.045232	0.021588	0.027779	0.161934	
Sample_63	0.020417	0.240106	0.076254	0.053813	0.036096	2.3e-05	0.158525	0.004475	0.092936	0.032985	0.079175	0.03621	0.168986	
Sample_64	0.004084	0.30429	0.024341	0.072594	0.078448	1e-05	0.195657	0.026168	0.056429	0.083131	0.032002	0.038649	0.084197	
Sample_65	0.000567	0.330032	0.015369	0.088028	0.053275	0.027044	0.182752	0.018345	0.055101	0.03996	0.027478	0.05119	0.110859	
Sample_66	0.000322	0.314517	0.016372	0.110848	0.051421	0.019752	0.162457	0.000906	0.042928	0.064159	0.075143	0.011324	0.129851	
Sample_67	0.02325	0.281489	0.020431	0.126637	0.047435	2.4e-05	0.170953	0.006011	0.083574	0.028437	0.03435	0.019488	0.157922	
Sample_68	0.009412	0.323831	0.011087	0.114753	0.012549	0.009875	0.214765	0.007871	0.066428	0.022208	0.028561	0.010734	0.167924	
Sample_69	0.020474	0.273408	0.011428	0.080822	0.032992	0.023001	0.221146	0.020082	0.076256	0.041516	0.040075	0.015582	0.143219	
Sample_70	0.010958	0.308299	0.008418	0.077353	0.064691	0.003213	0.211699	0.005222	0.075673	0.029328	0.064619	0.006223	0.134303	
Sample_71	0.008083	0.310259	0.035775	0.110907	0.031388	0.015292	0.200267	0.007455	0.049381	0.063229	0.020663	0.01879	0.128511	
Sample_72	0.011459	0.307095	0.042388	0.109935	0.03666	0.024045	0.2084	0.000329	0.077092	0.052786	0.013318	0.014922	0.101572	
Sample_73	0.007359	0.3459	0.020521	0.10739	0.01246	0.005743	0.251907	0.00115	0.055277	0.065181	0.014315	0.017035	0.095763	
Sample_74	0.008935	0.319873	0.015575	0.083122	0.027641	0.005378	0.244085	0.0084	0.076607	0.059029	0.017591	0.017735	0.116029	
Sample_75	0.017779	0.312388	0.006014	0.12967	0.019982	0.006783	0.21355	0.001821	0.066411	0.05197	0.040532	0.036466	0.096635	
Sample_76	0.008762	0.274904	0.026449	0.148139	0.011001	0.007725	0.218377	0.006298	0.057614	0.060568	0.04906	0.0252	0.105902	
Sample_77	0.00489	0.304378	0.023009	0.052552	0.023665	0.011916	0.252716	0.000228	0.081696	0.058205	0.021792	0.043087	0.121864	
Sample_78	0.016129	0.298182	0.019017	0.051485	0.022529	0.015698	0.223501	0.007822	0.111438	0.04846	0.039165	0.032079	0.114495	
Sample_79	0.003538	0.302524	0.000162	0.0668	0.034177	0.009656	0.264538	0.000222	0.13831	0.033226	0.011453	0.01956	0.115834	
Sample_80	0.008711	0.274017	0.036087	0.038084	0.028811	0.008049	0.244222	0.034872	0.086612	0.050747	0.007566	0.0306	0.151621	
Sample_81	0.00395	0.237861	0.01729	0.055163	0.038767	7e-06	0.242286	0.009935	0.132381	0.066395	0.035275	0.031785	0.128905	
Sample_82	0.010792	0.287168	0.00608	0.109312	0.003905	2e-05	0.246751	0.00049	0.123048	0.055885	0.00773	0.026801	0.122019	
Sample_83	0.028234	0.243463	0.014564	0.114028	0.00632	1.3e-05	0.241846	0.010178	0.119319	0.048189	0.025915	0.035319	0.112612	
Sample_84	0.000284	0.279182	0.011337	0.038127	0.042065	0.00439	0.295535	0.014605	0.033983	0.0381	0.019829	0.015236	0.207327	
Sample_85	0.010745	0.264523	0.007789	0.062519	0.003503	0.008349	0.276104	0.000655	0.041543	0.046333	0.015477	0.034617	0.227843	
Sample_86	0.006073	0.265459	0.022457	0.053085	0.039977	0.009677	0.231991	0.00288	0.015459	0.094641	0.052532	0.023415	0.182354	
Sample_87	0.004939	0.328875	0.007836	0.102448	0.023605	0.006584	0.301	0.008238	0.01314	0.02187	0.026508	0.025255	0.129703	
Sample_88	0.002191	0.334228	0.007102	0.102718	0.020188	0.006778	0.304736	0.006041	0.010785	0.023186	0.027441	0.020737	0.133869	
Sample_89	0.004949	0.333355	0.007432	0.104872	0.027213	0.006495	0.304169	0.004842	0.010158	0.022551	0.026935	0.026175	0.120855	
Sample_90	0.000706	0.271137	0.027886	0.09139	0.029283	1.2e-05	0.305295	0.009049	0.04599	0.033971	0.011909	0.026541	0.14683	
Sample_91	0.008248	0.344661	0.004417	0.08577	0.010948	0.002631	0.253152	0.002931	0.031615	0.058804	0.005189	0.014828	0.176807	
Sample_92	0.006946	0.265289	0.080334	0.061422	0.018684	0.023485	0.206625	0.034512	0.029682	0.055795	0.047098	0.086122	0.084007	
Sample_93	0.005133	0.293621	0.060124	0.090351	0.021489	0.017897	0.189392	0.018069	0.057512	0.052978	0.00771	0.089997	0.095727	
Sample_94	0.045377	0.245613	0.031874	0.085344	0.06132	0.008617	0.14936	0.010552	0.087245	0.069237	0.061358	0.065571	0.078533	
Sample_95	0.015845	0.340632	0.008021	0.118872	0.025808	0.0024	0.172902	0.004753	0.071367	0.064703	0.025229	0.005923	0.143547	
Sample_96	0.00825	0.334439	0.016911	0.112551	0.018997	0.008415	0.172447	0.007755	0.074914	0.069438	0.011644	0.015257	0.148981	
Sample_97	0.004326	0.350013	0.015926	0.103592	0.022392	0.007753	0.165511	0.002497	0.051191	0.086747	0.022655	0.037866	0.129532	
Sample_98	0.005861	0.377762	0.019957	0.127371	0.009201	0.00598	0.142276	0.007264	0.07163	0.048706	0.008694	0.014496	0.160801	
Sample_99	0.008465	0.413966	0.010154	0.112645	0.026355	0.009572	0.140266	0.002745	0.065893	0.05943	0.024877	0.029114	0.096517	
Sample_100	0.006443	0.407203	0.044749	0.103833	0.020867	0.004746	0.165532	0.008575	0.053421	0.056295	0.015252	0.014968	0.098116	
Sample_101	0.002695	0.408091	0.013502	0.115168	0.007418	0.007228	0.192919	0.003204	0.066141	0.032203	0.009207	0.015892	0.126333	
Sample_102	0.015609	0.369257	0.02576	0.146237	0.024916	0.003894	0.137987	0.003839	0.092633	0.062069	0.010131	0.016188	0.09148	
Sample_103	0.007344	0.35235	0.02927	0.113447	0.037178	0.007719	0.136918	0.003217	0.085098	0.077434	0.029351	0.037737	0.082939	
Sample_104	0.018574	0.313423	0.023097	0.143988	0.025341	0.010928	0.160877	0.013459	0.10506	0.055267	0.021445	0.032586	0.075955	
Sample_105	0.009754	0.347086	0.006941	0.075486	0.021827	0.00754	0.151541	0.006904	0.12704	0.052255	0.037852	0.034129	0.121646	
Sample_106	0.030949	0.323174	0.005934	0.128723	0.01184	0.014436	0.133439	0.002619	0.116777	0.031168	0.044186	0.044811	0.111944	
Sample_107	0.005108	0.358191	0.019354	0.155278	0.066872	1.1e-05	0.090819	0.009462	0.058015	0.06523	0.040085	0.038136	0.093439	
Sample_108	0.010654	0.361732	0.015621	0.133741	0.029348	0.011825	0.109293	0.007659	0.043751	0.075549	0.027459	0.041059	0.132309	
Sample_109	0.004176	0.355551	0.002969	0.146689	0.016805	1.7e-05	0.111618	0.000215	0.054474	0.044985	0.009999	0.038772	0.213731	
Sample_110	0.011251	0.372218	0.009114	0.135232	0.021767	0.007937	0.0869	0.00672	0.085455	0.039977	0.021044	0.023953	0.178432	
Sample_111	0.028295	0.23565	0.014947	0.044944	0.025842	0.018309	0.188926	0.002731	0.180036	0.087022	0.029965	0.006953	0.136381	
Sample_112	0.049384	0.270693	0.028295	0.045	0.012855	0.036534	0.141396	0.006529	0.162284	0.105921	0.045117	0.026406	0.069586	
Sample_113	0.021112	0.179073	0.014221	0.087875	0.054331	0.125913	0.181567	0.015191	0.086815	0.067073	0.034805	0.017125	0.114899	
Sample_114	0.01706	0.164588	0.002339	0.053469	0.032108	0.073161	0.188566	0.013157	0.127311	0.069047	0.111436	0.044654	0.103104	
Sample_115	0.016437	0.200898	0.010898	0.041058	0.012266	4.4e-05	0.288121	0.010029	0.040622	0.033578	0.034748	0.032895	0.278407	
Sample_116	0.003649	0.186681	0.020247	0.069127	0.033069	2.6e-05	0.256556	0.008143	0.034745	0.068264	0.024386	0.00542	0.289687	
Sample_117	0.007594	0.210329	0.013686	0.025743	0.01846	0.009488	0.324756	0.002741	0.018073	0.117696	0.014919	0.010974	0.225541	
Sample_118	0.002364	0.094644	0.012696	0.086017	0.007786	0.007891	0.352724	0.003257	0.033498	0.038871	0.002628	0.008127	0.349497	
Sample_119	0.010882	0.217897	0.000582	0.09636	0.00652	0.003766	0.202402	0.003685	0.040579	0.035988	0.014	0.016432	0.350906	
Sample_120	0.003183	0.130716	0.027842	0.071448	0.007816	1.6e-05	0.19946	0.007083	0.093808	0.064188	0.014871	0.02751	0.35206	
Sample_121	0.007578	0.077126	0.010356	0.155012	0.008758	1e-06	0.225433	0.002073	0.021079	0.057752	0.008642	0.002848	0.423343	
Sample_122	0.006543	0.188055	0.015511	0.115343	0.008008	0.017414	0.196354	0.000808	0.112162	0.023599	0.030709	0.031936	0.253558	
Sample_123	0.027564	0.19016	0.008305	0.107206	0.022763	1.4e-05	0.192529	0.007288	0.117561	0.054693	0.017895	0.043239	0.210784	
Sample_124	0.009622	0.150506	0.008983	0.105198	0.03949	3e-05	0.189421	0.006797	0.102057	0.06491	0.06864	0.030425	0.22392	
Sample_125	0.036246	0.164802	0.011459	0.108039	0.040374	1.9e-05	0.143671	0.012702	0.114458	0.106357	0.019255	0.017109	0.225509	
Sample_126	0.009105	0.158884	0.013258	0.152289	0.037066	3e-06	0.154739	0.002675	0.082687	0.065526	0.017309	0.026923	0.279535	
Sample_127	0.029231	0.159722	0.01956	0.134639	0.024202	0.00244	0.166456	0.009742	0.05981	0.06452	0.017998	0.06849	0.243189	
Sample_128	0.010795	0.120493	0.038413	0.163283	0.047254	1.6e-05	0.183209	0.008148	0.078409	0.049841	0.018281	0.043577	0.238278	
Sample_129	0.034616	0.219933	0.022955	0.08349	0.053002	0.009285	0.121908	0.014086	0.121581	0.037479	0.012941	0.036213	0.23251	
Sample_130	0.011242	0.199679	0.02959	0.066223	0.02339	0.04301	0.145448	0.008383	0.06093	0.045354	0.061187	0.079903	0.225662	
Sample_131	0.005802	0.191134	0.035074	0.055761	0.03202	0.0035	0.145327	0.007015	0.051025	0.107053	0.041155	0.086855	0.238277	
Sample_132	0.008206	0.282158	0.020148	0.082963	0.047262	0.006603	0.151465	0.008482	0.023626	0.071125	0.030394	0.016022	0.251545	
Sample_133	0.018555	0.144368	0.054267	0.071718	0.060656	1.6e-05	0.176395	0.02753	0.113677	0.052982	0.064606	0.032652	0.182579	
Sample_134	0.002815	0.122431	0.018673	0.068688	0.009286	1.3e-05	0.222019	0.002592	0.147421	0.065765	0.052688	0.029351	0.258257	
Sample_135	0.047891	0.168882	0.004254	0.037065	0.009321	7e-06	0.261675	0.011089	0.115194	0.056039	0.062171	0.036041	0.19037	
Sample_136	0.012585	0.099109	0.001824	0.12303	0.031109	0.005656	0.21397	0.014542	0.125821	0.13906	0.020767	0.030334	0.182193	
Sample_137	0.017316	0.08187	0.009527	0.097029	0.017332	0.001565	0.275612	0.006744	0.134993	0.106407	0.034269	0.013813	0.203521	
Sample_138	0.003787	0.170832	0.011509	0.106043	0.008775	3e-06	0.232769	6.6e-05	0.098991	0.12516	0.017385	0.019356	0.205325	
Sample_139	0.007916	0.148745	0.009661	0.067508	0.041785	8e-06	0.236279	0.003698	0.074943	0.111449	0.037583	0.040054	0.220371	
Sample_140	0.002191	0.159548	0.034801	0.094887	0.010802	1.7e-05	0.225566	0.006866	0.038603	0.140755	0.042154	0.020685	0.223125	
Sample_141	0.032411	0.187875	0.006772	0.063743	0.042789	1.3e-05	0.17802	0.101574	0.056408	0.082817	0.023604	0.071928	0.152046	
Sample_142	0.001815	0.152278	0.009233	0.133346	0.022858	1e-05	0.188485	0.100511	0.027205	0.124986	0.005665	0.027608	0.205999	
Sample_143	0.004678	0.144651	0.017985	0.076739	0.064238	2.6e-05	0.255017	0.011288	0.106632	0.035111	0.029332	0.133787	0.120517	
Sample_144	0.010619	0.144306	0.02168	0.103049	0.027177	0.029657	0.241744	0.000529	0.091359	0.079522	0.030655	0.113516	0.106186	
Sample_145	0.006974	0.159747	0.035607	0.120752	0.072228	2.4e-05	0.244472	0.006166	0.017594	0.083781	0.026937	0.108327	0.117392	
Sample_146	0.044997	0.161974	0.031703	0.11965	0.035301	2.6e-05	0.172454	0.025703	0.096603	0.022631	0.042576	0.154133	0.09225	
Sample_147	0.01505	0.108745	0.024967	0.219957	0.045822	3.2e-05	0.26905	0.007413	0.09606	0.055104	0.014967	0.060792	0.082041	
Sample_148	0.026087	0.126726	0.022093	0.180919	0.039249	0.001299	0.231362	0.010473	0.092766	0.089771	0.020721	0.075565	0.082969	
Sample_149	0.004663	0.107759	0.009096	0.174356	0.032439	1.1e-05	0.306951	0.020191	0.140215	0.044878	0.029162	0.046297	0.083981	
Sample_150	0.020419	0.113093	0.024896	0.135935	0.075259	1.3e-05	0.220837	0.008283	0.127398	0.056512	0.014535	0.052944	0.149875	
Sample_151	0.018235	0.14635	0.016839	0.133862	0.052113	1.8e-05	0.189535	0.004928	0.121741	0.071632	0.032219	0.060054	0.152474	
Sample_152	0.016785	0.111923	0.022371	0.146647	0.033738	2.7e-05	0.214417	0.017986	0.130097	0.044364	0.048277	0.075174	0.138195	
Sample_153	0.050631	0.105033	0.030541	0.117237	0.033596	3.1e-05	0.19741	0.018224	0.118128	0.07231	0.037804	0.100635	0.118419	
Sample_154	0.006987	0.160024	0.0117	0.167358	0.020381	0.018002	0.208728	0.006448	0.110461	0.104576	0.022351	0.025076	0.137907	
Sample_155	0.012052	0.149513	0.014739	0.138996	0.032165	0.008488	0.210855	0.007821	0.107812	0.118899	0.03593	0.026712	0.13602	
Sample_156	0.021336	0.187427	0.010967	0.139388	0.021639	4e-06	0.1849	0.005515	0.135112	0.124077	0.028988	0.014294	0.126353	
Sample_157	0.013706	0.161115	0.016177	0.105461	0.027444	0.000463	0.203834	0.005687	0.173259	0.135393	0.02965	0.023699	0.104113	
Sample_158	0.013044	0.236935	0.01473	0.120322	0.024845	3e-06	0.202567	0.003709	0.084613	0.154389	0.02843	0.02916	0.087253	
Sample_159	0.009062	0.084337	0.021209	0.14976	0.027141	2.4e-05	0.287072	0.039022	0.05228	0.163669	0.026808	0.055702	0.083914	
Sample_160	0.009085	0.108035	0.023893	0.138957	0.036212	9e-06	0.269622	0.011425	0.06673	0.135724	0.032602	0.047591	0.120115	
Sample_161	0.016997	0.094147	0.036491	0.206313	0.060897	1.3e-05	0.258045	0.01761	0.025833	0.100462	0.032312	0.024568	0.126312	
Sample_162	0.007415	0.231402	0.027686	0.151903	0.010372	0.012408	0.205556	0.010031	0.081283	0.072092	0.017938	0.053227	0.118687	
Sample_163	0.008168	0.222338	0.014033	0.166405	0.021719	0.014397	0.191903	0.007619	0.083896	0.076173	0.062173	0.022401	0.108774	
Sample_164	0.002789	0.253797	0.010106	0.162459	0.057551	0.021421	0.197073	0.003972	0.046182	0.064225	0.024463	0.032241	0.123722	
Sample_165	0.003534	0.235582	0.014828	0.18839	0.029969	0.038047	0.217468	0.003044	0.051765	0.062641	0.013241	0.00586	0.135629	
Sample_166	0.045419	0.226834	0.008778	0.133117	0.033909	0.074357	0.195141	0.005208	0.07352	0.059816	0.029513	0.024966	0.089421	
Sample_167	0.042874	0.242861	0.008098	0.134764	0.037184	0.045093	0.204923	0.003408	0.082047	0.061333	0.025698	0.023147	0.088571	
Sample_168	0.003275	0.246131	0.001505	0.138747	0.022546	0.067155	0.232533	0.000369	0.088812	0.09651	0.001192	0.023805	0.07742	
Sample_169	0.006648	0.267471	0.007484	0.151537	0.034323	0.008414	0.281682	0.004243	0.045266	0.031872	0.012229	0.023687	0.125143	
Sample_170	0.016392	0.241748	0.029542	0.155887	0.016663	0.001744	0.275093	0.003651	0.064117	0.042899	0.007797	0.038952	0.105515	
Sample_171	0.011749	0.23174	0.009349	0.143782	0.010946	0.00655	0.249533	0.002706	0.065781	0.029362	0.024873	0.077261	0.136368	
Sample_172	0.019357	0.197149	0.002545	0.195577	0.058864	3.2e-05	0.237696	0.002841	0.043145	0.030827	0.012085	0.063699	0.136184	
Sample_173	0.013519	0.205275	0.015601	0.172268	0.020065	0.004993	0.189363	0.010948	0.122169	0.037479	0.050196	0.035995	0.122129	
Sample_174	0.012704	0.229541	0.005523	0.16028	0.055839	0.001012	0.158201	0.005577	0.111281	0.066277	0.025003	0.043004	0.125758	
Sample_175	0.008283	0.211938	0.023339	0.151842	0.035231	0.003913	0.139062	0.034469	0.14407	0.038754	0.034685	0.063118	0.111295	
Sample_176	0.007113	0.190607	0.006988	0.132107	0.075092	0.001544	0.197608	0.019157	0.133084	0.072647	0.047949	0.013223	0.10288	
Sample_177	0.015074	0.167936	0.02753	0.20637	0.007924	2.1e-05	0.183028	0.015145	0.051376	0.062678	0.024513	0.033046	0.20536	
Sample_178	0.006171	0.154464	0.00857	0.175132	0.032574	1e-05	0.197812	0.018716	0.070711	0.078903	0.029134	0.029554	0.198248	
Sample_179	0.006552	0.170743	0.012115	0.204347	0.007756	2e-06	0.235649	0.002376	0.041047	0.083612	0.010854	0.011913	0.213033	
Sample_180	0.005473	0.176843	0.014723	0.196481	0.007842	0.070759	0.214484	0.007613	0.052196	0.049928	0.009775	0.012425	0.18146	
Sample_181	0.010921	0.209883	0.028747	0.176606	0.023153	0.005794	0.205047	0.003906	0.067193	0.08184	0.017931	0.022273	0.146706	
Sample_182	0.021781	0.200302	0.010268	0.155311	0.03927	0.003911	0.19355	0.009827	0.096067	0.063945	0.017911	0.038591	0.149267	
Sample_183	0.00166	0.193857	0.012104	0.195901	0.019731	2.2e-05	0.189376	0.010229	0.102487	0.055266	0.013178	0.036481	0.169708	
Sample_184	0.023847	0.177092	0.010588	0.139797	0.005353	7e-06	0.202717	0.008197	0.100498	0.079316	0.049676	0.02842	0.174492	
Sample_185	0.037284	0.181135	0.022141	0.160354	0.042152	1.4e-05	0.207432	0.012671	0.070833	0.045052	0.051185	0.023624	0.146121	
Sample_186	0.051534	0.165023	0.016715	0.159943	0.042337	1.3e-05	0.185565	0.021264	0.077411	0.028539	0.04424	0.050462	0.156955	
Sample_187	0.012059	0.15422	0.055569	0.197602	0.01778	1.7e-05	0.18661	0.014414	0.091383	0.056297	0.02119	0.045317	0.147543	
Sample_188	0.014518	0.156717	0.020006	0.194131	0.017138	1.3e-05	0.264375	0.00877	0.037795	0.101771	0.022507	0.023404	0.138854	
Sample_189	0.029446	0.183798	0.024959	0.184816	0.034844	1.1e-05	0.231986	0.024516	0.028313	0.080545	0.005125	0.028616	0.143026	
Sample_190	0.009342	0.178258	0.028037	0.160957	0.054569	1.6e-05	0.201253	0.008455	0.063896	0.10927	0.025568	0.036598	0.123781	
Sample_191	0.012466	0.227025	0.021668	0.128461	0.034705	5e-06	0.218016	0.005533	0.091206	0.035161	0.032912	0.016533	0.176309	
Sample_192	0.000201	0.233972	0.012461	0.128123	0.046598	1.8e-05	0.212181	0.000494	0.092572	0.0388	0.046669	0.007721	0.180189	
Sample_193	0.019874	0.196388	0.025487	0.121725	0.042285	0.01403	0.216604	0.007995	0.078853	0.03223	0.051665	0.018476	0.174389	
Sample_194	0.019985	0.218888	0.020314	0.147277	0.039862	5e-06	0.195263	0.013624	0.071231	0.032258	0.025733	0.029503	0.186057	
Sample_195	0.009844	0.219893	0.02159	0.114235	0.061327	1.6e-05	0.230727	0.012279	0.058857	0.024184	0.014402	0.034476	0.198171	
Sample_196	0.019746	0.221185	0.012969	0.109636	0.035172	1.6e-05	0.235805	0.001056	0.069605	0.04055	0.024513	0.042784	0.186964	
Sample_197	0.002113	0.238911	0.021587	0.113756	0.013234	0.002902	0.218098	0.002942	0.067449	0.08404	0.018654	0.004803	0.211509	
Sample_198	0.017343	0.210309	0.007134	0.157435	0.020346	1.1e-05	0.248777	0.005284	0.055502	0.042842	0.02177	0.050207	0.16304	
Sample_199	0.014312	0.216178	0.012776	0.145735	0.034437	0.001003	0.262062	0.001281	0.047045	0.037255	0.031378	0.017343	0.179196	
Sample_200	0.012005	0.187134	0.019514	0.168922	0.03522	2.1e-05	0.250476	0.007082	0.052424	0.015547	0.028137	0.040827	0.182691	
Sample_201	0.005215	0.193049	0.023369	0.181162	0.031837	1e-05	0.243097	0.007106	0.089099	0.02067	0.025677	0.017069	0.16264	
Sample_202	0.008126	0.200511	0.013825	0.15394	0.021301	1.2e-05	0.241885	0.024543	0.081063	0.054071	0.010489	0.013623	0.176611	
Sample_203	0.025934	0.199885	0.006684	0.154689	0.02062	4.8e-05	0.222922	0.009725	0.070764	0.080442	0.009563	0.030613	0.168111	
Sample_204	0.004301	0.202063	0.007166	0.168768	0.029298	0.01754	0.233414	0.001487	0.060036	0.070566	0.016874	0.006398	0.18209	
Sample_205	0.017823	0.217138	0.013827	0.195135	0.018142	3e-06	0.2445	0.010423	0.02371	0.043554	0.008197	0.010143	0.197406	
Sample_206	0.011844	0.177709	0.031428	0.120253	0.061468	0.003944	0.220368	0.019441	0.049183	0.059655	0.021787	0.040606	0.182316	
Sample_207	0.010398	0.163564	0.016301	0.117178	0.049324	1.2e-05	0.23057	0.000508	0.087098	0.070248	0.028846	0.043048	0.182906	
Sample_208	0.005706	0.155635	0.030725	0.132372	0.035265	2e-05	0.268037	0.009291	0.071342	0.051051	0.020037	0.00851	0.212009	
Sample_209	0.000223	0.169303	0.004971	0.144088	0.050673	0.01613	0.270497	0.004612	0.059263	0.057139	0.010749	0.027401	0.184953	
Sample_210	0.010528	0.231931	0.000716	0.107221	0.005115	4.5e-05	0.320055	0.000316	0.052488	0.028647	0.00412	0.001584	0.237233	
Sample_211	0.007787	0.193492	0.006234	0.152377	0.0135	0.018145	0.271998	0.005841	0.038351	0.018693	0.011784	0.011278	0.250519	
Sample_212	0.005482	0.207288	0.012942	0.123706	0.005033	9e-06	0.23998	0.000189	0.056708	0.047434	0.048508	0.033618	0.219101	
Sample_213	0.024419	0.182216	0.02056	0.138656	0.006288	8e-06	0.254202	0.008708	0.043764	0.040764	0.044296	0.040706	0.195414	
Sample_214	0.043361	0.20463	0.069258	0.145787	0.003619	0.007329	0.267877	0.008711	0.054397	0.012245	0.002837	0.000961	0.178989	
Sample_215	0.042759	0.203447	0.071477	0.144829	0.003752	0.007446	0.2649	0.009675	0.053703	0.011992	0.003911	0.00105	0.181059	
Sample_216	0.042002	0.203519	0.070706	0.147753	0.003632	0.00725	0.269794	0.004037	0.053647	0.012686	0.003831	0.001332	0.17981	
Sample_217	0.042022	0.201143	0.079729	0.142331	0.003271	0.007981	0.269661	0.005615	0.052946	0.012731	0.004305	0.003727	0.174537	
Sample_218	0.031753	0.225684	0.07603	0.118024	0.003546	0.031996	0.221935	0.004346	0.053725	0.023536	0.002559	0.006394	0.200472	
Sample_219	0.006348	0.184399	0.077322	0.118232	0.028709	0.010745	0.188888	0.005342	0.084864	0.078872	0.012166	0.058451	0.145661	
Sample_220	0.014817	0.191596	0.012141	0.110854	0.020386	2e-06	0.268041	0.010505	0.110796	0.044723	0.021239	0.023428	0.171474	
Sample_221	0.016272	0.181861	0.021111	0.09444	0.018212	4e-06	0.270885	0.014884	0.113917	0.028091	0.03125	0.040428	0.168645	
Sample_222	0.01702	0.209456	0.01638	0.1036	0.015578	6e-06	0.282901	0.004962	0.123492	0.050116	0.009778	0.026129	0.140583	
Sample_223	0.007459	0.181731	0.023609	0.099168	0.036165	1.2e-05	0.284545	0.000779	0.123699	0.020625	0.009959	0.062623	0.149626	
Sample_224	0.006653	0.166832	0.006761	0.103083	0.025513	2e-06	0.275643	0.004096	0.119245	0.060454	0.020486	0.011818	0.199414	
Sample_225	0.006416	0.158886	0.025256	0.104122	0.023824	3e-06	0.266384	0.000142	0.136691	0.035887	0.027393	0.022324	0.192673	
Sample_226	0.020314	0.173232	0.003878	0.075645	0.027306	5e-06	0.28596	0.005778	0.122682	0.025006	0.033346	0.030197	0.196651	
Sample_227	0.01313	0.190901	0.019724	0.075102	0.019971	5e-06	0.271038	0.001267	0.117436	0.089544	0.027802	0.018388	0.155693	
Sample_228	0.006574	0.205945	0.01331	0.072931	0.011169	9e-06	0.266033	0.001933	0.120733	0.071698	0.003972	0.035543	0.19015	
Sample_229	0.010513	0.213986	0.027717	0.088177	0.010036	0.015916	0.227406	0.007895	0.100247	0.067956	0.029265	0.02333	0.177556	
Sample_230	0.008616	0.203	0.014956	0.121181	0.021688	2.8e-05	0.248948	0.00612	0.084407	0.045946	0.050475	0.046342	0.148293	
Sample_231	0.004348	0.21923	0.008186	0.125653	0.048154	8e-06	0.265878	0.009295	0.066241	0.055486	0.034477	0.036765	0.126278	
Sample_232	0.014497	0.203513	0.016615	0.11394	0.039362	0.010669	0.28077	0.000529	0.087853	0.023881	0.029671	0.024188	0.15451	
Sample_233	0.005299	0.219343	0.010083	0.143215	0.025025	2e-06	0.288478	0.005191	0.096903	0.025936	0.019532	0.016517	0.144476	
Sample_234	0.011279	0.188381	0.003121	0.143935	0.043574	1.7e-05	0.281196	0.005924	0.095224	0.049237	0.016827	0.02838	0.132904	
Sample_235	0.00021	0.221136	0.016556	0.127878	0.046417	0.004362	0.264562	0.007607	0.092829	0.024781	0.015391	0.006991	0.171281	
Sample_236	0.006042	0.205672	0.010275	0.131585	0.032865	1.1e-05	0.258248	0.001338	0.096054	0.027714	0.014807	0.017446	0.197943	
Sample_237	0.001859	0.218001	0.003271	0.095871	0.021816	5e-06	0.296824	0.002627	0.100451	0.033327	0.012154	0.012632	0.201161	
Sample_238	0.015732	0.185083	0.011327	0.140721	0.025706	0.004818	0.240852	0.003476	0.144119	0.020422	0.004931	0.033923	0.168889	
Sample_239	0.01715	0.20632	0.004132	0.120609	0.042199	4e-06	0.215435	0.005773	0.1368	0.06186	0.019459	0.01367	0.156589	
Sample_240	0.011185	0.139131	0.014294	0.108829	0.042077	7e-06	0.255795	0.009804	0.14621	0.067896	0.030747	0.029271	0.144753	
Sample_241	0.01455	0.138544	0.009845	0.088028	0.039885	2.6e-05	0.269979	0.004641	0.136139	0.072435	0.035479	0.015712	0.174736	
Sample_242	0.001459	0.149962	0.020422	0.093803	0.024847	2.8e-05	0.238606	0.000562	0.156706	0.075702	0.029204	0.019672	0.189026	
Sample_243	0.003307	0.182798	0.019205	0.09519	0.027233	1.3e-05	0.300466	0.009086	0.07087	0.058908	0.061482	0.014406	0.157036	
Sample_244	0.001863	0.188961	0.012512	0.084436	0.027447	9e-06	0.296874	0.002813	0.072297	0.086213	0.048135	0.021172	0.157269	
Sample_245	0.022716	0.19787	0.026523	0.092131	0.006343	5e-06	0.291453	0.004185	0.075701	0.057789	0.046382	0.011175	0.167726	
Sample_246	0.017737	0.187068	0.014707	0.112624	0.020372	0.001324	0.313276	0.006339	0.072539	0.074991	0.032535	0.016929	0.129559	
Sample_247	0.006737	0.195098	0.011308	0.107316	0.031155	7e-06	0.275724	0.002783	0.078515	0.07939	0.028636	0.017785	0.165548	
Sample_248	0.022937	0.216476	0.012438	0.107994	0.016598	5e-06	0.268253	0.000197	0.090979	0.076638	0.026362	0.014657	0.146467	
Sample_249	0.006779	0.219573	0.010933	0.101707	0.008272	0.001852	0.314241	0.001027	0.072543	0.072615	0.012364	0.014384	0.163711	
Sample_250	0.017788	0.201569	0.001844	0.102346	0.01045	0.005067	0.307283	0.004036	0.101772	0.063049	0.011458	0.015655	0.157683	
Sample_251	0.005335	0.188855	0.009787	0.106023	0.014788	9e-06	0.272635	0.009289	0.056479	0.100127	0.056639	0.013379	0.166655	
Sample_252	0.005562	0.226504	0.002341	0.072905	0.014097	0.006688	0.315449	0.000481	0.077705	0.05918	0.048516	0.006233	0.164339	
Sample_253	0.001537	0.229421	0.007572	0.048055	0.02523	0.000646	0.317289	0.009101	0.081735	0.046901	0.026664	0.03138	0.174468	
Sample_254	0.011879	0.222712	0.002713	0.087875	0.013715	8e-06	0.310024	0.005247	0.049933	0.04741	0.035557	0.028007	0.18492	
Sample_255	0.008608	0.168418	0.01056	0.11296	0.014998	6e-06	0.332681	0.004023	0.070924	0.061927	0.014631	0.020832	0.179432	
Sample_256	0.00975	0.174081	0.007019	0.123707	0.022452	2e-06	0.325167	0.002827	0.053439	0.0621	0.018091	0.006189	0.195175	
Sample_257	0.012085	0.17631	0.00377	0.102983	0.015136	1.9e-05	0.295786	0.004576	0.076045	0.070412	0.026162	0.031781	0.184937	
Sample_258	0.007023	0.19622	0.013579	0.100775	0.030922	5e-06	0.344763	0.000119	0.058665	0.038442	0.012629	0.025013	0.171845	
Sample_259	0.021617	0.175752	0.002989	0.097614	0.003858	2e-06	0.348955	0.006416	0.03901	0.094158	0.012588	0.012603	0.184438	
Sample_260	0.009889	0.204617	0.007603	0.084559	0.030059	0.002708	0.328006	0.004763	0.062962	0.092698	0.024717	0.020632	0.126787	
Sample_261	0.011991	0.211343	0.000514	0.06548	0.033731	1.1e-05	0.345408	0.004931	0.056926	0.08553	0.010239	0.047438	0.126459	
Sample_262	0.01988	0.2248	0.028612	0.067232	0.025232	2e-05	0.327091	0.014783	0.055698	0.056444	0.015128	0.025777	0.139303	
Sample_263	0.010863	0.178184	0.026042	0.055386	0.055445	1e-05	0.347557	0.003403	0.059196	0.077627	0.040898	0.035133	0.110258	
Sample_264	0.01142	0.173377	0.007968	0.079581	0.003893	1e-05	0.317531	0.006281	0.076604	0.086666	0.044798	0.041793	0.150078	
Sample_265	0.000956	0.165831	0.016023	0.069256	0.036281	1.2e-05	0.333623	0.018209	0.06248	0.081434	0.046026	0.025585	0.144284	
Sample_266	0.018848	0.200996	0.012654	0.12518	0.023307	1.7e-05	0.262222	0.00491	0.070886	0.079601	0.008405	0.043229	0.149743	
Sample_267	0.012579	0.229779	0.011294	0.105595	0.0106	3e-06	0.253268	0.00235	0.068639	0.10352	0.027606	0.031712	0.143057	
Sample_268	0.010968	0.15997	0.00733	0.053877	0.016459	0.001271	0.349484	0.007456	0.102295	0.051161	0.008288	0.020476	0.210966	
Sample_269	0.003747	0.156042	0.003086	0.070073	0.002826	9e-06	0.387602	0.002993	0.0887	0.051693	0.004037	0.02826	0.200932	
Sample_270	0.003647	0.189342	0.010771	0.061682	0.027336	8e-06	0.326354	0.000106	0.11577	0.050784	0.011991	0.013747	0.188462	
Sample_271	0.007221	0.169633	0.005922	0.085754	0.016011	2e-06	0.346674	0.003948	0.077566	0.027052	0.01986	0.014227	0.226131	
Sample_272	0.009293	0.165103	0.005533	0.10594	0.01088	0.000777	0.337919	0.00342	0.083182	0.037066	0.026062	0.015709	0.199117	
Sample_273	0.009524	0.14596	0.006021	0.097789	0.047439	3e-06	0.329366	0.003082	0.071958	0.038222	0.010696	0.013128	0.226812	
Sample_274	0.024264	0.151767	0.015116	0.06605	0.02964	0.003907	0.299592	0.013682	0.096355	0.042959	0.05091	0.043987	0.161771	
Sample_275	0.016757	0.157686	0.015182	0.063305	0.035896	1.3e-05	0.310642	0.014791	0.095243	0.032979	0.028548	0.034863	0.194094	
Sample_276	0.008812	0.163338	0.004997	0.066149	0.002739	7e-06	0.322396	0.001942	0.068714	0.085302	0.023605	0.043806	0.208192	
Sample_277	0.002498	0.168452	0.023849	0.087252	0.011401	3.6e-05	0.287495	0.006015	0.071948	0.06505	0.021138	0.031939	0.222928	
Sample_278	0.011989	0.175521	0.019456	0.051653	0.034362	1.1e-05	0.294951	0.003002	0.080434	0.092434	0.011438	0.024458	0.20029	
Sample_279	0.006212	0.188935	0.019713	0.052201	0.017017	0.000886	0.274444	0.002407	0.104208	0.084889	0.01663	0.030359	0.202098	
Sample_280	0.021526	0.154591	0.014564	0.118095	0.020057	1e-05	0.291008	0.007302	0.159703	0.0396	0.03099	0.030658	0.111896	
Sample_281	0.014049	0.162994	0.010713	0.125631	0.01922	5e-06	0.295229	0.007465	0.126247	0.059258	0.036332	0.015017	0.12784	
Sample_282	0.020091	0.179705	0.005869	0.100842	0.032469	3e-06	0.302945	0.005442	0.133085	0.028411	0.030917	0.015789	0.144433	
Sample_283	0.013964	0.159304	0.006183	0.131145	0.027227	1.1e-05	0.32409	0.004533	0.122152	0.050561	0.026965	0.033782	0.100084	
Sample_284	0.005761	0.190072	0.008242	0.119829	0.022226	0.004991	0.336209	0.003174	0.105702	0.060556	0.019178	0.013664	0.110397	
Sample_285	0.046839	0.162476	0.01305	0.093246	0.042876	0.01718	0.289706	0.004582	0.099736	0.05398	0.003532	0.040051	0.132746	
Sample_286	0.01225	0.160506	0.02722	0.110891	0.02421	9e-06	0.308102	0.000525	0.104026	0.065526	0.013315	0.020124	0.153296	
Sample_287	0.008431	0.125403	0.007574	0.152986	0.01328	1.8e-05	0.337005	0.002316	0.10542	0.020442	0.036121	0.03176	0.159245	
Sample_288	0.039571	0.155542	0.007784	0.142777	0.021131	1.4e-05	0.290096	0.015447	0.081919	0.033824	0.04211	0.039803	0.129981	
Sample_289	0.010326	0.230314	0.009054	0.127047	0.021573	0.004129	0.264859	0.006338	0.091999	0.069856	0.039488	0.026531	0.098485	
Sample_290	0.007502	0.237746	0.015395	0.138547	0.026927	0.001691	0.296655	0.00013	0.090041	0.052184	0.027012	0.029232	0.076939	
Sample_291	0.003162	0.216372	0.011365	0.116512	0.055601	0.00942	0.240544	0.005883	0.109974	0.056017	0.032316	0.042801	0.100034	
Sample_292	0.009446	0.192179	0.007957	0.129053	0.034398	1.4e-05	0.29114	0.002334	0.075843	0.076079	0.041247	0.05135	0.088961	
Sample_293	0.018982	0.179613	0.025439	0.128579	0.035785	0.001256	0.261536	0.008634	0.088097	0.063182	0.046966	0.030975	0.110958	
Sample_294	0.016244	0.226436	0.023924	0.09673	0.016486	3e-06	0.282546	0.003553	0.122272	0.054977	0.038316	0.019513	0.098999	
Sample_295	0.003783	0.193889	0.021262	0.103212	0.038725	8e-06	0.276424	0.004903	0.134872	0.072522	0.033777	0.010542	0.106082	
Sample_296	0.001005	0.189224	0.022076	0.15811	0.036616	0.009913	0.299132	0.013252	0.08811	0.040255	0.010025	0.033352	0.09893	
Sample_297	0.009987	0.194035	0.013643	0.147195	0.020051	1.6e-05	0.273956	0.007348	0.133116	0.044181	0.019328	0.04059	0.096553	
Sample_298	0.022639	0.148447	0.01699	0.141501	0.029914	1.3e-05	0.260992	0.004768	0.125769	0.102177	0.025061	0.017311	0.104418	
Sample_299	0.006692	0.118214	0.008429	0.150823	0.01713	9e-06	0.293613	0.000221	0.144169	0.062185	0.021056	0.025862	0.151597	
Sample_300	0.008917	0.167505	0.011348	0.152755	0.017218	0.00059	0.266628	0.001425	0.09547	0.060601	0.018151	0.029892	0.169502	
Sample_301	0.005591	0.18262	0.01283	0.145362	0.010872	0.000407	0.279775	0.008714	0.088976	0.078256	0.017605	0.009775	0.159216	
Sample_302	0.012139	0.165445	0.010714	0.178541	0.008721	0.000701	0.254809	0.00684	0.08807	0.071183	0.029141	0.0341	0.139595	
Sample_303	0.004992	0.140968	0.036386	0.149948	0.028356	0.015602	0.250247	0.001166	0.092278	0.090495	0.024289	0.030168	0.135105	
Sample_304	0.012134	0.135237	0.00304	0.185528	0.027506	1.4e-05	0.265469	0.000623	0.080115	0.087134	0.008255	0.050599	0.144346	
Sample_305	0.005953	0.170272	0.007589	0.110786	0.025402	0.013586	0.251183	0.005645	0.132168	0.029323	0.088938	0.019992	0.139163	
Sample_306	0.004732	0.17533	0.008235	0.101478	0.023711	0.016742	0.255113	0.005865	0.141585	0.02449	0.073862	0.018418	0.150439	
Sample_307	0.003159	0.175135	0.009381	0.102375	0.026171	0.017224	0.256026	0.004323	0.110836	0.024345	0.110614	0.022771	0.137639	
Sample_308	0.029082	0.1524	0.051929	0.135461	0.05409	1.4e-05	0.239038	0.017683	0.130151	0.015094	0.044228	0.017853	0.112978	
Sample_309	0.013357	0.273645	0.002277	0.019654	0.038006	0.007505	0.366207	0.003414	0.053978	0.044915	0.014393	0.027175	0.135473	
Sample_310	0.001521	0.256671	0.031481	0.054835	0.015402	2.1e-05	0.281555	0.002262	0.071441	0.070036	0.034861	0.071726	0.108188	
Sample_311	0.008261	0.208568	0.053534	0.075166	0.035985	1.5e-05	0.297628	0.000438	0.081876	0.057333	0.070992	0.006106	0.104098	
Sample_312	0.028856	0.193012	0.022076	0.044632	0.017452	1e-05	0.284501	0.026514	0.114766	0.041552	0.070412	0.053978	0.102242	
Sample_313	0.005004	0.219048	0.008852	0.071972	0.029723	0.009008	0.389543	0.000316	0.066908	0.019555	0.017777	0.02842	0.133873	
Sample_314	0.010631	0.214716	0.025649	0.047855	0.029194	1.4e-05	0.374132	0.001988	0.046789	0.018592	0.067055	0.041562	0.121822	
