-251990.671028
0
0.010992 0.005746 0.007326 0.013214 0.005690 0.013585 0.009802 0.009005 0.009836 0.012881 0.046698 0.003795 0.002616 0.006204 0.004800 0.006499 0.017892 0.019216 0.008191 0.010232 0.001345 0.005741 0.006574 0.003564 0.001333 0.002474 0.003511 0.013840 0.006602 0.000550 0.006004 0.004037 0.013847 0.036760 0.047318 0.011183 0.000469 0.005976 0.000307 0.006195 0.003456 0.018021 0.001249 0.009199 0.001093 0.012784 0.016707 0.007412 0.012615 0.010468 0.011773 0.012458 0.015548 0.016680 0.013461 0.015389 0.013234 0.037855 0.067381 0.026376 0.000941 0.004213 0.000080 0.001859 0.007167 0.010158 0.003291 0.008181 0.004501 0.007527 0.015684 0.008769 0.004318 0.002499 0.000841 0.009025 0.009307 0.014339 0.010906 0.022488 0.008663 0.020642 0.036101 0.010464 0.001797 0.002790 0.000000 0.004888 0.000031 0.012419 0.017880 0.003021 0.000000 0.000636 0.003829 0.005733 
0.026245 0.019819 0.017147 0.017058 0.008356 0.004054 0.004266 0.004720 0.010974 0.004654 0.000816 0.004880 0.003757 0.004760 0.010017 0.003560 0.010777 0.001761 0.011144 0.005431 0.001583 0.001176 0.001551 0.000000 0.055110 0.056380 0.041538 0.036201 0.007475 0.009465 0.008979 0.008812 0.020390 0.016727 0.009871 0.020330 0.006210 0.009262 0.024520 0.010952 0.005647 0.003707 0.009556 0.007176 0.001146 0.000000 0.004461 0.002061 0.030138 0.034012 0.033442 0.022028 0.006282 0.010212 0.009092 0.004939 0.011590 0.010631 0.002414 0.008719 0.006201 0.004189 0.011402 0.004828 0.009502 0.002811 0.005678 0.004461 0.000749 0.001077 0.003437 0.000694 0.027309 0.044115 0.018391 0.031986 0.003219 0.008695 0.002833 0.004994 0.005582 0.015051 0.000942 0.007613 0.003623 0.004474 0.007550 0.005216 0.002500 0.001705 0.003556 0.002719 0.000953 0.001099 0.002123 0.000739 
0.007255 0.004938 0.004493 0.000002 0.006243 0.001482 0.000468 0.003908 0.019750 0.029350 0.090467 0.027091 0.000696 0.000204 0.000881 0.000879 0.010837 0.005964 0.067842 0.023972 0.000199 0.000306 0.003046 0.000000 0.001242 0.002215 0.003798 0.001255 0.006381 0.018312 0.009791 0.011650 0.014605 0.016939 0.117180 0.019125 0.000000 0.004216 0.006775 0.000509 0.010186 0.009229 0.049470 0.012845 0.000840 0.004152 0.001561 0.002181 0.000460 0.007981 0.003748 0.000881 0.001571 0.003142 0.005090 0.001487 0.014277 0.012343 0.055119 0.015437 0.001929 0.000030 0.003298 0.000020 0.008274 0.016949 0.037556 0.014605 0.000765 0.001852 0.000465 0.000511 0.000682 0.000433 0.000676 0.000147 0.000271 0.004446 0.002823 0.007417 0.008469 0.017587 0.043452 0.012852 0.000004 0.001573 0.000000 0.000000 0.011147 0.007144 0.006906 0.012365 0.004861 0.004437 0.003762 0.006024 
0.011947 0.008552 0.020191 0.000005 0.009674 0.006260 0.001603 0.003326 0.007600 0.006220 0.003617 0.001425 0.006528 0.001271 0.005603 0.002001 0.013032 0.005250 0.007860 0.003296 0.000332 0.000011 0.000041 0.000000 0.001569 0.004379 0.015108 0.004914 0.007921 0.004078 0.005047 0.004303 0.006528 0.009223 0.009522 0.007217 0.000000 0.006371 0.019192 0.006320 0.004021 0.006752 0.011454 0.002275 0.000006 0.000002 0.006278 0.002700 0.008202 0.014647 0.012381 0.004602 0.000255 0.008262 0.004288 0.005404 0.013176 0.008287 0.017663 0.001810 0.006406 0.004047 0.014124 0.006625 0.006152 0.005002 0.008074 0.007009 0.002372 0.000759 0.019032 0.001270 0.022858 0.033397 0.006162 0.012713 0.083198 0.038697 0.017417 0.079921 0.108540 0.034724 0.033556 0.056151 0.004396 0.000563 0.005546 0.000001 0.005548 0.000531 0.001083 0.001286 0.000001 0.000571 0.002384 0.000085 
0.619965 0.079396 0.295589 0.005051 
0.564597 0.082864 0.282209 0.070330 
0.470013 0.112207 0.396942 0.020838 
0.558867 0.064684 0.366516 0.009932 
0.647300 0.071340 0.269787 0.011573 
0.643453 0.012215 0.326413 0.017920 
0.681968 0.026802 0.290775 0.000455 
0.552935 0.064313 0.378683 0.004069 
0.567503 0.036239 0.372039 0.024219 
0.546770 0.051386 0.398104 0.003740 
0.536420 0.008311 0.383469 0.071801 
0.569453 0.077517 0.352820 0.000210 
0.800807 0.014462 0.184058 0.000673 
0.491914 0.075130 0.432694 0.000263 
0.635103 0.002651 0.347090 0.015155 
0.604024 0.005057 0.357004 0.033914 
0.189868 0.708543 0.024395 0.077194 
0.022990 0.778826 0.103942 0.094242 
0.113072 0.799001 0.066327 0.021600 
0.372712 0.236587 0.381636 0.009065 
0.081441 0.791511 0.035714 0.091334 
0.069622 0.775001 0.062611 0.092766 
0.090668 0.443978 0.038387 0.426968 
0.001048 0.289185 0.092464 0.617303 
0.076801 0.783560 0.091558 0.048081 
0.102457 0.792090 0.039651 0.065803 
0.002513 0.774986 0.152418 0.070083 
0.050953 0.867466 0.034137 0.047445 
0.058073 0.777740 0.142048 0.022139 
0.023697 0.932494 0.027381 0.016428 
0.060681 0.771896 0.080962 0.086461 
0.067234 0.741062 0.029708 0.161997 
0.141525 0.691202 0.056520 0.110753 
0.057110 0.763699 0.071968 0.107223 
0.151997 0.565495 0.109303 0.173205 
0.162824 0.536285 0.108654 0.192236 
0.208679 0.598545 0.003913 0.188863 
0.147531 0.711660 0.040586 0.100223 
0.007635 0.687380 0.056356 0.248630 
0.139257 0.771705 0.056830 0.032208 
0.119044 0.663914 0.142770 0.074271 
0.182415 0.522912 0.047767 0.246906 
0.070402 0.740321 0.116619 0.072658 
0.266078 0.624082 0.050074 0.059766 
0.038941 0.841097 0.093453 0.026509 
0.071077 0.701465 0.205561 0.021898 
0.049169 0.520960 0.201720 0.228151 
0.027833 0.672095 0.094703 0.205369 
0.015890 0.475454 0.091498 0.417157 
0.088936 0.722557 0.109938 0.078569 
0.103424 0.779119 0.012712 0.104744 
0.051112 0.748095 0.084189 0.116604 
0.139609 0.725467 0.089884 0.045040 
0.000463 0.688436 0.142197 0.168904 
0.117678 0.769796 0.065446 0.047080 
0.101825 0.760934 0.002150 0.135091 
0.077923 0.617270 0.107620 0.197187 
0.034336 0.871446 0.083480 0.010738 
0.029228 0.733387 0.126827 0.110558 
0.082938 0.784415 0.079076 0.053571 
0.037272 0.899888 0.012261 0.050580 
0.070238 0.165074 0.002510 0.762178 
0.076074 0.641412 0.142059 0.140456 
0.036101 0.376997 0.001577 0.585325 
0.060838 0.755834 0.095222 0.088106 
0.032270 0.815945 0.039456 0.112329 
0.032256 0.783839 0.090293 0.093612 
0.112743 0.597487 0.107661 0.182109 
0.186115 0.398304 0.041963 0.373618 
0.000375 0.782973 0.103558 0.113094 
0.088612 0.597536 0.157315 0.156537 
0.092115 0.835982 0.059321 0.012582 
0.000324 0.954594 0.044703 0.000379 
0.552691 0.146952 0.270055 0.030302 
0.005063 0.007498 0.908945 0.078494 
0.000521 0.073091 0.917554 0.008833 
0.000456 0.012508 0.949474 0.037562 
0.000546 0.020289 0.865866 0.113299 
0.003611 0.009874 0.948495 0.038021 
0.000739 0.016941 0.940695 0.041625 
0.000459 0.007050 0.925447 0.067044 
0.000851 0.002939 0.921038 0.075172 
0.057901 0.014586 0.882528 0.044985 
0.011868 0.089438 0.873048 0.025646 
0.026994 0.024615 0.858301 0.090090 
0.020345 0.019637 0.934319 0.025699 
0.038444 0.006266 0.871944 0.083346 
0.000529 0.007597 0.883186 0.108687 
0.000449 0.019882 0.927978 0.051691 
0.041547 0.005085 0.856806 0.096561 
0.018803 0.016758 0.869929 0.094510 
0.025813 0.044512 0.867459 0.062215 
0.000445 0.006336 0.925692 0.067526 
0.044816 0.010645 0.914737 0.029802 
0.018585 0.038963 0.911639 0.030813 
0.001164 0.007444 0.951217 0.040175 
0.624544 0.078802 0.286575 0.010079 
0.391465 0.665612 0.638395 0.40197 
