	Predicted_signature_1	Predicted_signature_2	Predicted_signature_3	Predicted_signature_4	Predicted_signature_5	Predicted_signature_6	Predicted_signature_7	Predicted_signature_8	Predicted_signature_9	Predicted_signature_10	
Sample_1	0.022401	0.01384	0.025613	0.06916	3.9e-05	0.007887	0.023138	0.826817	0.011101	5e-06	
Sample_2	2e-06	0.0	0.040749	0.014091	0.006132	3e-06	0.017024	0.921995	1e-06	3e-06	
Sample_3	0.207791	0.0	0.057014	0.000146	0.03758	5e-06	3.9e-05	0.697416	2e-06	6e-06	
Sample_4	0.941991	0.0	3e-06	0.013673	0.016518	0.01968	0.008128	3e-06	1e-06	3e-06	
Sample_5	0.026469	0.045632	0.103539	0.03017	0.114987	0.015306	0.432602	0.061614	0.047438	0.122243	
Sample_6	0.006678	0.034816	0.027922	0.139625	0.105535	0.066541	0.351726	0.058471	0.031601	0.177085	
Sample_7	4e-06	0.068626	1.6e-05	0.102578	0.288111	0.019852	0.437924	0.031302	2e-06	0.051584	
Sample_8	5e-06	0.0	1.8e-05	0.009475	0.008449	5e-06	0.967058	0.014983	2e-06	5e-06	
Sample_9	3e-06	0.0	0.017638	0.030485	0.075707	4e-06	0.824397	1.7e-05	1e-06	0.051747	
Sample_10	0.071871	0.147588	1.5e-05	0.288126	6.6e-05	0.161479	0.314984	0.015859	4e-06	9e-06	
Sample_11	0.141054	0.070825	0.092525	0.115563	0.304798	8e-06	0.113823	0.111614	0.021447	0.028344	
Sample_12	0.071096	0.023839	0.014946	0.110905	0.406234	7e-06	8e-05	0.221923	0.041811	0.10916	
Sample_13	5e-06	0.0	0.009962	0.088883	0.747756	0.008998	0.061601	1.3e-05	0.009301	0.07348	
Sample_14	5e-06	0.0	0.018347	0.170848	0.737534	0.037364	6.2e-05	0.009147	0.026685	8e-06	
Sample_15	2e-06	0.25477	6e-06	5.4e-05	0.656306	0.008732	0.000115	0.080006	1e-06	8e-06	
Sample_16	0.027081	0.042357	8e-06	0.024933	0.58504	0.013156	0.269331	1.1e-05	0.038075	9e-06	
Sample_17	5e-06	0.0	0.003898	0.073488	0.602457	0.0384	0.240714	0.024383	0.016646	1e-05	
Sample_18	7e-06	1e-06	0.019808	0.013704	0.626216	0.004821	0.228015	0.02018	0.014243	0.073005	
Sample_19	0.005036	0.091229	0.055998	0.082499	0.346815	0.06564	0.229829	0.019538	0.064206	0.03921	
Sample_20	0.032584	0.180763	0.114601	0.045398	0.259596	0.077871	0.134702	0.045596	0.048517	0.060372	
Sample_21	0.006595	0.095082	0.122308	0.156891	0.290044	9e-06	9.9e-05	0.073758	0.255205	9e-06	
Sample_22	0.021701	0.048022	0.058147	0.081223	0.035517	0.291921	0.31343	0.118393	0.021707	0.009939	
Sample_23	0.06443	0.0	0.069716	0.022589	0.082593	0.396973	0.20375	0.015692	0.015677	0.128581	
Sample_24	0.011312	0.0	0.122595	0.076961	7.7e-05	0.669456	0.039592	0.066191	0.013811	5e-06	
Sample_25	5e-06	0.0	5e-06	0.07295	0.042056	0.797926	0.067985	0.019067	1e-06	5e-06	
Sample_26	0.003677	0.0	0.883138	8.9e-05	0.052297	0.007134	0.037168	0.01649	1e-06	6e-06	
Sample_27	0.012712	0.0	0.855034	0.002039	0.029066	0.036212	0.044316	7e-06	1e-06	0.020614	
Sample_28	0.007733	0.0	0.841377	0.02656	0.022722	0.005012	0.078748	6e-06	0.010745	0.007096	
Sample_29	0.003882	0.006928	0.846734	0.016422	0.013993	0.025264	0.062439	0.018199	0.006139	2e-06	
Sample_30	0.006213	0.0	0.846545	0.064402	0.028121	0.024584	0.018981	0.009149	0.002002	4e-06	
Sample_31	1e-05	0.0	0.76036	0.03237	0.030845	0.018696	0.134713	1.1e-05	0.022989	6e-06	
Sample_32	0.02309	0.0	0.576976	0.042852	0.000104	0.095786	0.144949	0.033109	0.039213	0.043921	
Sample_33	0.004798	0.0	0.501616	0.117152	0.109247	0.082609	0.110622	2e-05	0.02299	0.050945	
Sample_34	0.083254	0.0	0.30454	0.052985	0.091091	0.069904	0.330827	0.007902	0.059486	1.1e-05	
Sample_35	0.042891	0.011479	0.279641	0.095655	0.132292	0.076316	0.266846	0.055964	0.038912	3e-06	
Sample_36	0.051081	0.0	0.398163	0.037899	0.108525	0.112779	0.267126	0.008902	0.007592	0.007932	
Sample_37	0.010933	0.064229	0.009236	0.079642	0.149444	0.069268	0.235316	0.070198	0.030821	0.280913	
Sample_38	0.014269	0.086246	0.006614	0.009873	0.127186	0.047641	0.287102	0.059057	0.046768	0.315245	
Sample_39	0.028391	0.071137	1e-05	0.171539	0.160228	0.084748	0.173477	0.018262	0.023859	0.26835	
Sample_40	0.019233	0.078169	0.064614	0.137812	0.050479	0.022573	0.071037	1e-05	0.019247	0.536826	
Sample_41	0.021915	0.096987	1.2e-05	0.09355	0.041957	0.028668	0.076107	1.3e-05	0.017083	0.623708	
Sample_42	0.017208	0.078845	0.014299	0.029905	0.126805	0.015009	0.076409	0.013529	0.019832	0.608158	
Sample_43	0.01959	0.046818	0.016164	0.037698	0.106233	0.032848	0.036095	0.020864	2e-06	0.683688	
Sample_44	0.002345	0.0	6e-06	6.8e-05	0.061433	0.002721	0.010376	0.073583	0.003127	0.846342	
Sample_45	0.002391	0.0	5e-06	6.5e-05	0.058885	4e-06	0.00669	0.075281	2e-06	0.856677	
Sample_46	4e-06	0.0	5e-06	0.000117	0.051523	0.003525	0.024518	0.081811	0.004321	0.834176	
Sample_47	1e-06	0.0	2e-06	0.016595	0.002149	0.001819	0.015037	4e-06	0.004064	0.960328	
Sample_48	1e-06	0.0	3e-06	0.015741	2.2e-05	0.001975	0.010639	4e-06	0.006809	0.964806	
Sample_49	1e-06	0.0	3e-06	0.031633	0.004035	0.005664	2.2e-05	0.006701	1e-06	0.95194	
Sample_50	0.035385	0.0	1.1e-05	0.952083	6.2e-05	6e-06	0.012433	1e-05	2e-06	8e-06	
Sample_51	0.045878	0.017271	0.009796	0.852743	0.00277	0.01038	0.025271	0.028542	1e-06	0.007349	
Sample_52	2e-06	0.0	0.008978	0.941362	0.004848	3e-06	1.5e-05	0.044787	1e-06	3e-06	
Sample_53	0.026015	0.06106	0.013834	0.765207	0.108479	6e-06	8.3e-05	0.025306	2e-06	8e-06	
Sample_54	0.082166	0.0	0.039682	0.635017	0.120458	9e-06	0.02957	0.013944	0.047605	0.031551	
Sample_55	0.015703	0.0	0.048088	0.626463	0.036493	0.01774	0.093585	0.116584	3e-06	0.045341	
Sample_56	0.08392	0.038409	0.031504	0.448495	0.137053	0.027128	0.091072	0.064476	3e-06	0.07794	
Sample_57	0.340375	0.0	3e-06	0.659544	2.6e-05	4e-06	3.1e-05	9e-06	1e-06	5e-06	
Sample_58	0.034223	0.0	2e-06	0.067066	2.8e-05	4e-06	0.018461	0.026577	0.853633	5e-06	
Sample_59	4e-06	0.0	0.034029	0.017234	3.3e-05	5e-06	2.8e-05	0.054154	0.89451	4e-06	
Sample_60	0.012272	0.010779	0.066177	0.151574	8.8e-05	7e-06	0.1614	0.016508	0.57037	0.010824	
Sample_61	0.049017	0.880866	9e-06	4.7e-05	0.019773	1.2e-05	0.000157	6e-06	0.039261	0.010853	
Sample_62	0.049723	0.892431	9e-06	5e-05	0.01316	1.3e-05	0.000134	6e-06	0.033891	0.010583	
Sample_63	0.000163	0.997797	0.0	1e-06	1e-06	0.000167	0.000153	0.000166	0.0	0.001554	
Sample_64	1e-06	0.985266	0.000659	2.7e-05	0.001262	0.004874	0.001256	2e-06	1e-06	0.006651	
