-121462.754571
0
0.000000 0.000259 0.000000 0.000226 0.001102 0.001239 0.000000 0.002094 0.000000 0.000000 0.000327 0.000000 0.000000 0.000000 0.000000 0.000000 0.000000 0.000000 0.000000 0.000000 0.000000 0.000000 0.000000 0.000000 0.001618 0.000000 0.000000 0.000000 0.003575 0.000000 0.000000 0.002984 0.009373 0.000000 0.000779 0.000000 0.000000 0.000000 0.000000 0.000000 0.000000 0.000000 0.000000 0.000000 0.000000 0.000000 0.000000 0.000000 0.000182 0.000361 0.000000 0.000295 0.000000 0.000032 0.000000 0.001248 0.005534 0.001870 0.001359 0.000000 0.000000 0.000000 0.000000 0.000000 0.000000 0.000000 0.000000 0.000000 0.000000 0.000000 0.000000 0.000000 0.032486 0.017719 0.003935 0.000000 0.164875 0.054628 0.014995 0.200044 0.256804 0.062293 0.039508 0.117746 0.000000 0.000506 0.000000 0.000000 0.000000 0.000001 0.000000 0.000000 0.000000 0.000000 0.000000 0.000000 
0.000000 0.000001 0.001216 0.000000 0.000000 0.001709 0.000000 0.000000 0.000000 0.007923 0.018361 0.000000 0.006746 0.008352 0.000897 0.015408 0.040350 0.030849 0.083923 0.015304 0.003421 0.000000 0.000000 0.000000 0.007043 0.007241 0.005236 0.027848 0.000000 0.000000 0.001956 0.001676 0.000001 0.005862 0.020679 0.000000 0.003251 0.007099 0.000347 0.003803 0.029290 0.034143 0.101010 0.033290 0.000000 0.008981 0.013840 0.010188 0.000000 0.001731 0.002509 0.004435 0.000847 0.004017 0.000000 0.001267 0.008907 0.018575 0.057302 0.021241 0.004241 0.003641 0.000000 0.005606 0.079143 0.040004 0.047927 0.046695 0.000000 0.001350 0.006176 0.003941 0.000000 0.009219 0.000000 0.000000 0.000000 0.000000 0.000000 0.000000 0.000657 0.000034 0.000092 0.000038 0.002438 0.002257 0.003196 0.000000 0.014716 0.018908 0.019761 0.011882 0.000000 0.000000 0.000000 0.000000 
0.000000 0.001537 0.000642 0.007831 0.000786 0.000000 0.000000 0.000184 0.000000 0.000000 0.011373 0.000000 0.000000 0.000000 0.000000 0.001081 0.000531 0.002389 0.000000 0.005055 0.000000 0.002493 0.000242 0.007079 0.003192 0.000000 0.000000 0.007993 0.000000 0.000000 0.000000 0.000175 0.000000 0.000000 0.011882 0.000000 0.000000 0.000000 0.000000 0.000765 0.000000 0.000525 0.000000 0.001188 0.000846 0.001105 0.003287 0.009319 0.001325 0.002973 0.000000 0.007220 0.000165 0.000000 0.000000 0.000000 0.000001 0.010206 0.019084 0.015790 0.000000 0.000801 0.000000 0.000537 0.005680 0.003552 0.003757 0.005271 0.000000 0.001501 0.000000 0.001696 0.039235 0.011722 0.004287 0.292807 0.000000 0.000000 0.000000 0.000000 0.005778 0.017214 0.362682 0.042056 0.000000 0.000000 0.000554 0.001470 0.001274 0.006322 0.000000 0.004112 0.005321 0.005309 0.001930 0.036861 
0.000000 0.000001 0.000000 0.000000 0.000000 0.000978 0.000000 0.000048 0.061571 0.057152 0.000067 0.078364 0.001659 0.000000 0.003211 0.000000 0.000000 0.000000 0.000000 0.000001 0.000000 0.000000 0.006167 0.000000 0.000008 0.000000 0.000000 0.000001 0.000000 0.000000 0.000000 0.000000 0.071567 0.073599 0.025016 0.105011 0.000000 0.000000 0.000000 0.000000 0.000000 0.000521 0.000000 0.000000 0.000000 0.000000 0.000000 0.000000 0.000003 0.000002 0.000000 0.000004 0.000000 0.000001 0.000000 0.000000 0.043385 0.057024 0.000546 0.089242 0.000000 0.000634 0.000000 0.000000 0.000000 0.000000 0.000001 0.000000 0.000000 0.000000 0.000000 0.000002 0.000000 0.000001 0.000000 0.000000 0.000000 0.000470 0.000000 0.000000 0.078462 0.079244 0.022089 0.138080 0.000000 0.000000 0.005856 0.000000 0.000000 0.000008 0.000000 0.000000 0.000000 0.000000 0.000000 0.000000 
0.018318 0.027088 0.004615 0.005831 0.014363 0.007339 0.011876 0.018612 0.022430 0.000000 0.066245 0.005638 0.004711 0.010047 0.012318 0.003023 0.025681 0.012480 0.016757 0.012115 0.000000 0.001876 0.009369 0.000000 0.011185 0.015208 0.006450 0.005029 0.011724 0.011537 0.010083 0.011316 0.019388 0.011146 0.082120 0.029874 0.002112 0.011509 0.014600 0.006322 0.002287 0.012266 0.007797 0.012292 0.000955 0.003366 0.003901 0.008388 0.014834 0.011780 0.006911 0.006146 0.018006 0.016106 0.009158 0.020644 0.000003 0.004306 0.040336 0.000001 0.004421 0.008841 0.013795 0.005380 0.003135 0.000000 0.005804 0.000000 0.000000 0.004352 0.000000 0.000000 0.013595 0.017196 0.001089 0.000000 0.013948 0.018017 0.007492 0.027088 0.015431 0.013766 0.003014 0.003916 0.004299 0.000000 0.000000 0.012214 0.000000 0.011040 0.004489 0.000000 0.000000 0.008612 0.009243 0.000000 
0.000321 0.000159 0.000000 0.000000 0.000000 0.000000 0.000000 0.000160 0.000479 0.000637 0.000158 0.000000 0.000000 0.000000 0.000000 0.000155 0.000000 0.000635 0.000000 0.000000 0.000000 0.000000 0.000320 0.000000 0.000000 0.000000 0.000000 0.000000 0.000159 0.000000 0.000000 0.000000 0.000000 0.000318 0.000155 0.000159 0.000000 0.000000 0.000000 0.000000 0.000000 0.034762 0.000000 0.000479 0.000000 0.000000 0.000479 0.000157 0.000319 0.000000 0.000000 0.000000 0.000000 0.000159 0.000480 0.000159 0.000157 0.000000 0.001113 0.000000 0.000000 0.000000 0.000000 0.000000 0.000000 0.000000 0.000000 0.000000 0.035866 0.019478 0.881487 0.016945 0.000000 0.000000 0.000000 0.000000 0.000000 0.000158 0.000000 0.000157 0.000796 0.000319 0.000479 0.000159 0.000000 0.000000 0.000000 0.000000 0.000000 0.001440 0.000315 0.000000 0.000000 0.000320 0.000000 0.000000 
0.000000 0.005077 0.000000 0.004634 0.000000 0.000000 0.000000 0.000000 0.029950 0.030410 0.094151 0.021833 0.000000 0.000000 0.000000 0.000000 0.000000 0.000000 0.000000 0.001245 0.001519 0.004068 0.000000 0.000844 0.014336 0.022766 0.011091 0.068374 0.000000 0.000000 0.000000 0.000000 0.012144 0.018431 0.080456 0.023035 0.000000 0.000000 0.003542 0.000000 0.003267 0.000001 0.000000 0.000000 0.000461 0.000000 0.000000 0.000000 0.001875 0.000881 0.000000 0.005454 0.000000 0.004848 0.000000 0.000000 0.068892 0.103330 0.140008 0.055229 0.000000 0.003036 0.000475 0.000000 0.000000 0.001512 0.011558 0.003859 0.000000 0.000000 0.000000 0.002253 0.000000 0.000001 0.001423 0.009945 0.000000 0.000000 0.000000 0.000000 0.010377 0.017961 0.051260 0.008200 0.000000 0.003359 0.000000 0.000000 0.009964 0.007414 0.015999 0.005881 0.002132 0.000656 0.000000 0.000586 
0.852223 0.000000 0.072919 0.019610 0.055248 0.000000 0.000000 
0.423725 0.438667 0.070635 0.000000 0.066972 0.000000 0.000000 
0.179378 0.024496 0.066519 0.000001 0.697316 0.000000 0.032291 
0.874339 0.000000 0.048813 0.041629 0.033627 0.001591 0.000000 
0.823008 0.000000 0.046541 0.011377 0.105094 0.000000 0.013979 
0.000014 0.000000 0.000001 0.000000 0.000028 0.999957 0.000000 
0.000074 0.094399 0.042863 0.112663 0.660281 0.000000 0.089719 
0.000019 0.365532 0.000005 0.011480 0.028422 0.000000 0.594541 
0.000007 0.000291 0.000002 0.000000 0.000007 0.999694 0.000000 
0.898115 0.000000 0.041843 0.010125 0.038301 0.000771 0.010844 
0.835161 0.000000 0.069648 0.028729 0.066462 0.000000 0.000000 
0.000005 0.020064 0.895021 0.000000 0.003620 0.000393 0.080896 
0.000041 0.270363 0.023308 0.004733 0.051959 0.000000 0.649596 
0.902167 0.000000 0.024927 0.000001 0.072906 0.000000 0.000000 
0.032094 0.398366 0.000010 0.000009 0.085326 0.000000 0.484195 
0.000042 0.151993 0.034217 0.150554 0.456059 0.000000 0.207135 
0.839344 0.000000 0.023718 0.024428 0.112509 0.000000 0.000000 
0.829491 0.000000 0.116567 0.032426 0.021516 0.000000 0.000000 
0.837609 0.000000 0.045208 0.059731 0.057452 0.000000 0.000000 
0.000031 0.000000 0.000019 0.791959 0.073357 0.004952 0.129682 
0.000012 0.403165 0.015055 0.000000 0.016774 0.000000 0.564994 
0.813079 0.000000 0.044905 0.036704 0.038591 0.000000 0.066721 
0.923580 0.000000 0.027478 0.013189 0.035754 0.000000 0.000000 
0.747533 0.000000 0.058993 0.000001 0.193473 0.000000 0.000000 
0.741682 0.044097 0.067858 0.027136 0.119227 0.000000 0.000000 
0.565419 0.067063 0.058026 0.027581 0.066775 0.000000 0.215136 
0.910461 0.000000 0.012730 0.008958 0.026027 0.000000 0.041824 
0.007414 0.803196 0.038122 0.000001 0.151267 0.000000 0.000000 
0.029810 0.349057 0.040850 0.000001 0.283927 0.000000 0.296355 
0.836596 0.000000 0.062378 0.017509 0.076633 0.006885 0.000000 
0.829004 0.000000 0.079939 0.025047 0.066010 0.000000 0.000000 
0.918049 0.000000 0.021720 0.030603 0.029628 0.000000 0.000000 
0.825258 0.000000 0.064998 0.038591 0.039986 0.000000 0.031167 
0.274455 0.0849632 0.222714 0.138481 0.296038 0.0329046 0.103552 
