-64626.911936
0
0.004358 0.003705 0.000001 0.001100 0.000007 0.000000 0.000000 0.001069 0.004136 0.003795 0.022586 0.002314 0.000991 0.000000 0.000021 0.000006 0.004685 0.001987 0.001191 0.003105 0.000000 0.001318 0.002491 0.024429 0.007145 0.000026 0.005287 0.002659 0.003545 0.001325 0.000845 0.007096 0.004918 0.007814 0.032816 0.004333 0.000881 0.011418 0.002928 0.031047 0.004415 0.024085 0.030768 0.118173 0.000000 0.013551 0.015436 0.262665 0.003024 0.002391 0.000029 0.002993 0.000000 0.000044 0.000001 0.004986 0.008206 0.004375 0.021985 0.004433 0.010944 0.001366 0.001906 0.007895 0.006399 0.013865 0.013448 0.006722 0.000004 0.008127 0.009548 0.050740 0.008844 0.000077 0.008896 0.005425 0.001624 0.000030 0.000003 0.005983 0.004557 0.005671 0.012299 0.001322 0.000729 0.003667 0.000001 0.014639 0.001888 0.011211 0.003131 0.004988 0.000000 0.010853 0.002012 0.032250 
0.016240 0.013225 0.000003 0.001666 0.010581 0.019939 0.000000 0.011564 0.009907 0.018390 0.034868 0.006621 0.002376 0.017730 0.010262 0.004554 0.005435 0.011104 0.004178 0.002627 0.003052 0.006194 0.006784 0.000000 0.032855 0.018741 0.000353 0.005695 0.010417 0.016355 0.006354 0.026018 0.052200 0.006577 0.036150 0.012123 0.000001 0.007862 0.005375 0.010569 0.010870 0.007689 0.004454 0.018268 0.000000 0.002728 0.005465 0.000000 0.030297 0.020218 0.006352 0.011545 0.009919 0.008242 0.004168 0.017068 0.018509 0.006175 0.035825 0.012983 0.000000 0.005701 0.006260 0.011948 0.001404 0.001500 0.000908 0.005790 0.001256 0.000045 0.001211 0.000156 0.010225 0.021827 0.004503 0.025621 0.021172 0.026608 0.005166 0.044949 0.015170 0.022584 0.009615 0.002309 0.006387 0.002964 0.005542 0.000000 0.008506 0.000257 0.003830 0.010415 0.000000 0.004363 0.006712 0.009376 
0.000142 0.002001 0.000864 0.001281 0.000019 0.000000 0.000000 0.000611 0.011367 0.007399 0.145261 0.005215 0.000682 0.002335 0.000947 0.004097 0.005381 0.007871 0.019639 0.004584 0.000000 0.001478 0.000001 0.000000 0.010136 0.011765 0.006648 0.031579 0.000161 0.000037 0.000000 0.000029 0.006545 0.007109 0.140739 0.005992 0.001520 0.003245 0.001321 0.000693 0.009922 0.011589 0.027352 0.005457 0.000000 0.006190 0.002575 0.000000 0.002543 0.002441 0.004929 0.007971 0.000001 0.003868 0.000000 0.000893 0.020049 0.033918 0.150225 0.021999 0.000000 0.003612 0.000001 0.001011 0.034312 0.018943 0.031122 0.013670 0.000296 0.000186 0.000150 0.000333 0.000584 0.001155 0.001731 0.003325 0.000258 0.000379 0.000001 0.000335 0.005122 0.006424 0.077472 0.003562 0.000649 0.000966 0.000001 0.000000 0.006140 0.013060 0.010658 0.003839 0.000000 0.000022 0.000002 0.000065 
0.006155 0.000024 0.002445 0.000802 0.004232 0.000000 0.000000 0.002194 0.007198 0.000339 0.012665 0.000801 0.001816 0.000000 0.001350 0.000172 0.002754 0.002235 0.005613 0.005455 0.000000 0.000012 0.000000 0.000000 0.002176 0.000046 0.002155 0.001315 0.002299 0.001263 0.000000 0.005045 0.007484 0.006258 0.020111 0.004702 0.000000 0.002527 0.000030 0.000758 0.000736 0.004977 0.001071 0.000314 0.000000 0.000075 0.001743 0.000000 0.003791 0.002753 0.001417 0.003181 0.001513 0.001164 0.000001 0.001391 0.005098 0.004417 0.017687 0.006987 0.000000 0.000011 0.000001 0.000001 0.001460 0.000217 0.000040 0.002027 0.001652 0.001638 0.003116 0.001382 0.019522 0.013540 0.008175 0.013518 0.138015 0.047365 0.021991 0.144636 0.176357 0.050376 0.086435 0.096460 0.000002 0.000007 0.000000 0.000000 0.000059 0.000023 0.000020 0.000116 0.000000 0.001062 0.000002 0.000026 
0.001822 0.000442 0.000001 0.006827 0.002127 0.000000 0.000000 0.000628 0.020809 0.013992 0.023114 0.011933 0.003397 0.000000 0.000023 0.000040 0.040625 0.007378 0.050332 0.003523 0.000000 0.002138 0.000002 0.000000 0.007393 0.038664 0.008916 0.055328 0.003865 0.003742 0.000000 0.000037 0.005778 0.009287 0.023085 0.018892 0.000000 0.000132 0.002869 0.000179 0.003932 0.016550 0.021900 0.017570 0.002190 0.000141 0.008896 0.000000 0.005974 0.021989 0.003486 0.015188 0.000001 0.003454 0.000002 0.003589 0.046490 0.094299 0.197944 0.039819 0.000000 0.001551 0.000002 0.000005 0.004777 0.011441 0.015588 0.004667 0.000002 0.004415 0.003998 0.009788 0.005574 0.002132 0.000052 0.017524 0.000625 0.000452 0.000002 0.001533 0.002394 0.007360 0.016019 0.002609 0.000002 0.003107 0.000003 0.000000 0.004070 0.002703 0.000106 0.003763 0.000000 0.000046 0.000001 0.002956 
0.000241 0.002251 0.000007 0.015345 0.000018 0.000000 0.000000 0.004656 0.003752 0.027373 0.036615 0.011997 0.002710 0.000000 0.006123 0.001134 0.005513 0.001372 0.013486 0.005847 0.000000 0.005082 0.000001 0.004361 0.019553 0.000037 0.007003 0.003128 0.006604 0.009521 0.000000 0.003885 0.047276 0.089158 0.053506 0.063633 0.010099 0.000073 0.018481 0.001432 0.000044 0.009526 0.003646 0.003162 0.000000 0.002110 0.011418 0.000000 0.020866 0.003620 0.000052 0.001672 0.000001 0.009173 0.006046 0.009861 0.014985 0.024630 0.014533 0.001536 0.000000 0.000038 0.000002 0.000011 0.000105 0.004426 0.000233 0.000844 0.000003 0.000890 0.003397 0.000667 0.007047 0.010907 0.000272 0.006877 0.003312 0.001851 0.000005 0.007680 0.050175 0.120479 0.065546 0.040502 0.000006 0.013286 0.004462 0.003508 0.001040 0.012658 0.004630 0.006583 0.000000 0.004212 0.002985 0.003211 
0.010902 0.002223 0.031270 0.003986 0.005542 0.000000 0.066412 0.004785 0.002198 0.003321 0.041157 0.000740 0.002791 0.000000 0.005999 0.001052 0.002761 0.007915 0.009349 0.018022 0.012518 0.004485 0.012469 0.000000 0.003521 0.001137 0.054308 0.000068 0.013935 0.000032 0.044126 0.006557 0.000707 0.004622 0.120904 0.005551 0.000001 0.002196 0.015982 0.002420 0.008162 0.016662 0.010134 0.005271 0.000000 0.007405 0.005889 0.000000 0.006466 0.009795 0.013920 0.010979 0.001121 0.004560 0.025553 0.000709 0.002731 0.006009 0.025017 0.000688 0.000000 0.001737 0.019443 0.003101 0.000804 0.000988 0.008983 0.008444 0.003781 0.004834 0.032971 0.006298 0.010749 0.004421 0.008074 0.003886 0.009918 0.003207 0.050593 0.012869 0.000179 0.001107 0.043114 0.001250 0.008758 0.000981 0.015856 0.000000 0.008959 0.002280 0.010252 0.004103 0.002692 0.001753 0.009841 0.006735 
0.038691 0.343497 0.000013 0.496692 0.069247 0.013530 0.038331 
0.000003 0.256721 0.022369 0.720905 0.000000 0.000000 0.000002 
0.045531 0.022458 0.000007 0.000041 0.019268 0.000000 0.912695 
0.000005 0.000009 0.000011 0.771801 0.000000 0.228173 0.000001 
0.058965 0.011362 0.166831 0.000048 0.733223 0.000000 0.029570 
0.041634 0.108408 0.000012 0.764536 0.000000 0.085408 0.000002 
0.003556 0.015726 0.226029 0.694481 0.000000 0.000000 0.060209 
0.000003 0.174076 0.000008 0.762724 0.056568 0.006619 0.000001 
0.009795 0.000009 0.027516 0.797838 0.094612 0.023236 0.046995 
0.000005 0.071508 0.155766 0.748788 0.000000 0.003216 0.020717 
0.000005 0.036256 0.081566 0.839989 0.012411 0.000000 0.029773 
0.000003 0.000007 0.060199 0.939790 0.000000 0.000000 0.000001 
0.012276 0.108961 0.068791 0.538286 0.000000 0.147950 0.123736 
0.025589 0.179530 0.251837 0.543043 0.000000 0.000000 0.000001 
0.000003 0.000009 0.521566 0.017961 0.460460 0.000000 0.000001 
0.000002 0.029735 0.000010 0.970252 0.000000 0.000000 0.000002 
0.999910 0.000009 0.000012 0.000067 0.000000 0.000000 0.000001 
0.034579 0.078716 0.541213 0.008528 0.313777 0.017735 0.005453 
0.027986 0.000007 0.762948 0.000047 0.181831 0.000000 0.027180 
0.942053 0.000010 0.000013 0.057922 0.000000 0.000000 0.000002 
0.258290 0.000009 0.081082 0.585438 0.000000 0.056848 0.018333 
0.033574 0.007802 0.672751 0.000040 0.256323 0.009041 0.020469 
0.161857 0.533422 0.026727 0.197869 0.000009 0.069318 0.010797 
0.014218 0.006370 0.932235 0.000016 0.030969 0.000000 0.016192 
0.152959 0.490665 0.137400 0.086681 0.001528 0.071733 0.059035 
0.011841 0.013132 0.000013 0.000117 0.000000 0.948169 0.026729 
0.027451 0.394178 0.057155 0.030383 0.008262 0.408659 0.073913 
0.203795 0.457293 0.009869 0.183505 0.108955 0.000000 0.036583 
0.180899 0.19515 0.199108 0.291037 0.112712 0.10439 0.147163 
