	Predicted_signature_1	Predicted_signature_2	Predicted_signature_3	Predicted_signature_4	Predicted_signature_5	Predicted_signature_6	Predicted_signature_7	Predicted_signature_8	Predicted_signature_9	Predicted_signature_10	
Sample_1	0.061058	0.329378	0.101699	0.102351	0.07027	0.118591	0.030068	0.107316	0.008581	0.070687	
Sample_2	0.05217	0.392297	0.0947	0.134371	0.076542	0.09615	0.04753	0.072937	0.017892	0.015409	
Sample_3	0.011138	0.35696	0.169139	0.120776	0.03299	0.117689	0.021522	0.087901	0.013737	0.068146	
Sample_4	0.017188	0.355229	0.179395	0.100067	0.032485	0.120579	0.026597	0.061607	0.020294	0.086559	
Sample_5	0.010452	0.382352	0.156602	0.08855	0.035557	0.138596	0.030369	0.07027	0.016973	0.070277	
Sample_6	0.025007	0.358815	0.159447	0.120168	0.047765	0.137042	0.028398	0.049457	0.008564	0.065338	
Sample_7	0.039886	0.342645	0.149205	0.111251	0.056604	0.121361	0.025018	0.08449	0.006711	0.062829	
Sample_8	0.013726	0.307061	0.185355	0.089941	0.027323	0.136557	0.053926	0.064756	0.055225	0.06613	
Sample_9	0.042732	0.396927	0.153544	0.190907	0.021369	0.085112	0.026899	0.027643	0.017694	0.037173	
Sample_10	0.036189	0.376494	0.124895	0.151803	0.032897	0.101828	0.022652	0.068152	0.015977	0.069113	
Sample_11	0.071339	0.37375	0.167075	0.138141	0.028223	0.066366	0.025478	0.036327	0.020964	0.072338	
Sample_12	0.000366	0.400749	0.208671	0.206638	0.047835	0.064656	0.014509	0.031073	0.004775	0.020729	
Sample_13	0.015589	0.399322	0.187247	0.181544	0.025987	0.035173	0.017857	0.043387	0.013127	0.080767	
Sample_14	0.03463	0.399614	0.130527	0.201384	0.042272	0.047692	0.006376	0.098403	0.002545	0.036558	
Sample_15	0.021603	0.444959	0.149667	0.136403	0.02808	0.066756	0.027236	0.033882	0.01906	0.072352	
Sample_16	0.01816	0.422302	0.1279	0.112859	0.019901	0.104631	0.034271	0.054196	0.018524	0.087255	
Sample_17	0.015882	0.506444	0.123928	0.12633	0.009823	0.104187	0.027798	0.0339	0.0164	0.035307	
Sample_18	0.007181	0.494363	0.121764	0.09128	0.027231	0.09077	0.030601	0.057927	0.016316	0.062569	
Sample_19	0.010463	0.41333	0.045814	0.180947	0.032293	0.141538	0.024201	0.063421	0.011546	0.076448	
Sample_20	0.025903	0.262984	0.091499	0.113059	0.036445	0.162602	0.048594	0.092859	0.023808	0.142247	
Sample_21	0.008519	0.287119	0.121751	0.133536	0.041239	0.135021	0.02788	0.064542	0.029778	0.150615	
Sample_22	0.010189	0.35649	0.122278	0.085216	0.040327	0.09605	0.040012	0.047629	0.032883	0.168925	
Sample_23	0.030236	0.299513	0.134364	0.063843	0.085614	0.090905	0.071251	0.109961	0.022392	0.091921	
Sample_24	0.01015	0.251486	0.145997	0.101499	0.078377	0.112902	0.073723	0.098002	0.022447	0.105417	
Sample_25	0.02848	0.290891	0.160227	0.095709	0.091968	0.088314	0.027396	0.05961	0.029087	0.128317	
Sample_26	0.041472	0.268911	0.169706	0.113733	0.04733	0.110984	0.03498	0.082939	0.008206	0.121739	
Sample_27	0.000203	0.298333	0.354654	0.107431	0.042341	0.047589	0.023786	0.052451	0.01254	0.060672	
Sample_28	0.006383	0.321212	0.342767	0.102103	0.028357	0.055224	0.019897	0.036702	0.013525	0.07383	
Sample_29	0.010678	0.312061	0.369303	0.087569	0.048018	0.050901	0.029474	0.017917	0.023081	0.050997	
Sample_30	0.008303	0.336263	0.350089	0.068463	0.020208	0.091067	0.01779	0.037179	0.010386	0.060252	
Sample_31	0.011633	0.315511	0.301149	0.094957	0.031271	0.076929	0.032766	0.057708	0.01177	0.066307	
Sample_32	0.000258	0.322262	0.298395	0.08239	0.029478	0.07314	0.034492	0.063695	0.018265	0.077626	
Sample_33	0.010141	0.310259	0.287955	0.107448	0.039755	0.058087	0.028555	0.036858	0.01457	0.106373	
Sample_34	0.008556	0.273834	0.328635	0.093592	0.025797	0.052963	0.037607	0.089719	0.01631	0.072986	
Sample_35	0.020662	0.287972	0.325915	0.104884	0.051116	0.023843	0.013156	0.079354	0.023258	0.069841	
Sample_36	0.000694	0.33758	0.361786	0.122693	0.026891	0.068703	0.004511	0.006786	0.025409	0.044948	
Sample_37	0.000335	0.313229	0.335044	0.143941	0.027029	0.062458	0.017216	0.02068	0.026269	0.053799	
Sample_38	0.004116	0.34855	0.358219	0.146231	0.017572	0.048208	0.007916	0.026259	0.009722	0.033207	
Sample_39	0.005184	0.308933	0.298467	0.136543	0.0347	0.071862	0.033332	0.033017	0.025171	0.05279	
Sample_40	0.000494	0.333712	0.338888	0.153549	0.019603	0.021717	0.022635	0.051622	0.013554	0.044226	
Sample_41	0.014231	0.348225	0.334461	0.143035	0.048639	0.02504	0.012472	0.023791	0.01271	0.037396	
Sample_42	0.021115	0.315993	0.290318	0.056409	0.079295	0.091773	0.027946	0.069981	0.005578	0.041592	
Sample_43	0.004065	0.354922	0.299264	0.076795	0.064579	0.07365	0.012843	0.046952	0.023338	0.043591	
Sample_44	0.023786	0.329625	0.300801	0.089728	0.087886	0.035663	0.02476	0.051564	0.005513	0.050674	
Sample_45	0.024937	0.31337	0.275118	0.125304	0.062516	0.085738	0.017344	0.021793	0.014913	0.058967	
Sample_46	0.009376	0.297463	0.279763	0.107307	0.045707	0.105236	0.037085	0.025395	0.013634	0.079034	
Sample_47	0.000386	0.282259	0.265477	0.118101	0.071713	0.118906	0.021149	0.043114	0.016256	0.06264	
Sample_48	0.012873	0.261173	0.263261	0.149213	0.05624	0.1364	0.006799	0.027032	0.021551	0.065459	
Sample_49	0.069918	0.292643	0.248873	0.090151	0.048357	0.104828	0.026279	0.035238	0.022179	0.061534	
Sample_50	0.003504	0.326377	0.268508	0.111909	0.025042	0.085065	0.006186	0.080543	0.011475	0.08139	
Sample_51	0.012847	0.310551	0.232409	0.093954	0.041613	0.111837	0.034732	0.061366	0.021917	0.078775	
Sample_52	0.001383	0.277266	0.278537	0.086097	0.018583	0.144822	0.03152	0.048485	0.024678	0.08863	
Sample_53	0.013118	0.403469	0.183532	0.114001	0.024947	0.090351	0.018076	0.054335	0.012229	0.085943	
Sample_54	0.011849	0.396784	0.227377	0.118891	0.018746	0.103157	0.014013	0.036725	0.015297	0.057162	
Sample_55	0.046748	0.343379	0.220338	0.1093	0.038194	0.085032	0.025265	0.059409	0.018019	0.054317	
Sample_56	0.002315	0.438499	0.247112	0.061293	0.023659	0.069332	0.020793	0.047204	0.022232	0.067561	
Sample_57	0.003109	0.412664	0.233333	0.088312	0.014387	0.083955	0.02718	0.038166	0.022962	0.075931	
Sample_58	0.019809	0.426258	0.265776	0.071888	0.032387	0.041179	0.019873	0.036813	0.00796	0.078056	
Sample_59	0.02115	0.421134	0.202693	0.108056	0.046797	0.051419	0.025306	0.057369	0.014667	0.051409	
Sample_60	0.015709	0.394325	0.184273	0.119987	0.051046	0.050825	0.032569	0.058483	0.017016	0.075767	
Sample_61	0.014899	0.396047	0.151516	0.100574	0.066691	0.062977	0.029067	0.097039	0.008783	0.072408	
Sample_62	0.010501	0.319775	0.261739	0.109359	0.04869	0.048664	0.020477	0.056836	0.064796	0.059163	
Sample_63	0.008325	0.329988	0.273466	0.102003	0.04033	0.047355	0.022308	0.057808	0.057475	0.060941	
Sample_64	0.006157	0.349982	0.246636	0.153041	0.042771	0.052807	0.010801	0.025144	0.046417	0.066244	
Sample_65	0.010214	0.345087	0.252948	0.098444	0.071026	0.071117	0.010373	0.019519	0.038336	0.082936	
Sample_66	0.019153	0.359829	0.2292	0.088423	0.034333	0.068475	0.030756	0.039983	0.03164	0.098207	
Sample_67	0.008004	0.372135	0.268457	0.102328	0.034946	0.069733	0.028585	0.048336	0.018122	0.049356	
Sample_68	0.006447	0.353108	0.28581	0.124537	0.016095	0.075224	0.024159	0.04608	0.012804	0.055734	
Sample_69	0.009458	0.373583	0.275638	0.12736	0.017018	0.039733	0.009778	0.045459	0.022202	0.079771	
Sample_70	0.009296	0.427693	0.259313	0.136021	0.018168	0.036726	0.02303	0.039775	0.008055	0.041922	
Sample_71	0.006013	0.394844	0.266854	0.160594	0.017045	0.058885	0.014212	0.049517	0.001586	0.03045	
Sample_72	0.005344	0.448195	0.303023	0.104772	0.018279	0.035759	0.015158	0.021112	0.008203	0.040156	
Sample_73	0.004278	0.392184	0.270787	0.096243	0.050785	0.044428	0.0265	0.06812	0.014048	0.032628	
Sample_74	0.00845	0.256202	0.227152	0.167032	0.080441	0.086708	0.01782	0.027631	0.023115	0.10545	
Sample_75	0.01405	0.289626	0.264465	0.143878	0.053088	0.069849	0.011166	0.041134	0.009843	0.1029	
Sample_76	0.000314	0.323871	0.24597	0.166361	0.029781	0.040076	0.031965	0.027703	0.011781	0.122178	
Sample_77	0.041441	0.258901	0.194868	0.14351	0.053189	0.047141	0.047785	0.056945	0.017512	0.138708	
Sample_78	0.005377	0.285308	0.209717	0.16503	0.048271	0.071103	0.024413	0.09285	0.019629	0.078302	
Sample_79	0.007356	0.323686	0.225762	0.164594	0.04632	0.03115	0.022239	0.084104	0.012173	0.082615	
Sample_80	0.039087	0.337024	0.23551	0.117249	0.045112	0.026638	0.021778	0.085914	0.000903	0.090786	
Sample_81	0.012148	0.33258	0.255342	0.143073	0.063647	0.067394	0.015302	0.086261	0.002659	0.021594	
Sample_82	0.018536	0.266689	0.168351	0.178855	0.054312	0.086774	0.044313	0.051777	0.026931	0.103462	
Sample_83	0.009186	0.30283	0.146928	0.189366	0.049192	0.090086	0.049658	0.048821	0.027339	0.086595	
Sample_84	0.019883	0.310345	0.194083	0.197846	0.029406	0.066622	0.01678	0.049841	0.019545	0.095649	
Sample_85	0.017837	0.334675	0.152997	0.166326	0.028795	0.123615	0.031983	0.048901	0.019633	0.075238	
Sample_86	0.004445	0.300826	0.175619	0.194866	0.02995	0.125182	0.018552	0.03425	0.030231	0.086079	
Sample_87	0.007332	0.213795	0.202089	0.16703	0.036194	0.139567	0.038398	0.082958	0.022342	0.090295	
Sample_88	0.012972	0.24717	0.255519	0.15796	0.027366	0.171385	0.024797	0.05124	0.022315	0.029276	
Sample_89	0.000552	0.235936	0.188177	0.153546	0.095697	0.147299	0.027229	0.041953	0.028003	0.081607	
Sample_90	0.005271	0.260542	0.173043	0.147567	0.118865	0.137609	0.026442	0.044266	0.019319	0.067075	
Sample_91	0.007497	0.258684	0.174619	0.098325	0.067872	0.171598	0.031568	0.09746	0.007654	0.084723	
Sample_92	0.015439	0.260179	0.11733	0.116052	0.048283	0.201388	0.045498	0.117997	0.020357	0.057476	
Sample_93	0.005955	0.312244	0.172915	0.058734	0.215152	0.034335	0.028224	0.106138	0.022454	0.043849	
Sample_94	0.004679	0.277037	0.18083	0.053335	0.224494	0.048195	0.028282	0.106861	0.017006	0.059279	
Sample_95	0.038431	0.320709	0.193667	0.017962	0.177116	0.06902	0.016775	0.07111	0.052961	0.042248	
Sample_96	0.007857	0.324197	0.14187	0.108643	0.194066	0.058488	0.049353	0.040341	0.026599	0.048585	
Sample_97	0.043458	0.352207	0.14831	0.080493	0.145042	0.040155	0.048189	0.087576	0.014634	0.039936	
Sample_98	0.019852	0.266251	0.231431	0.080006	0.176586	0.029925	0.0067	0.044002	0.050265	0.094982	
Sample_99	0.012982	0.236165	0.139463	0.145121	0.211657	0.098906	0.040297	0.042555	0.024236	0.048617	
Sample_100	0.04256	0.258544	0.13787	0.119801	0.19372	0.078281	0.030463	0.058377	0.022619	0.057764	
Sample_101	0.016288	0.24337	0.156785	0.052047	0.242058	0.065166	0.101454	0.009525	0.055797	0.057511	
Sample_102	0.002376	0.128924	0.283681	0.462034	0.007654	0.045215	0.011738	0.028824	0.010145	0.019409	
Sample_103	0.00023	0.172916	0.222735	0.360159	0.031767	0.059155	0.095441	0.031494	0.000885	0.025219	
Sample_104	0.004719	0.107156	0.443367	0.35189	0.002278	0.03068	0.017141	0.020749	0.002789	0.019231	
Sample_105	0.007332	0.199459	0.239828	0.291241	0.026948	0.08965	0.010293	0.056971	0.022815	0.055464	
Sample_106	0.021837	0.17243	0.240685	0.234353	0.028333	0.107756	0.016533	0.059529	0.045749	0.072795	
Sample_107	0.009773	0.206982	0.249916	0.249758	0.051037	0.071624	0.044461	0.043121	0.04206	0.031269	
Sample_108	0.008281	0.163644	0.250225	0.278006	0.038768	0.041921	0.046141	0.084142	0.023721	0.06515	
Sample_109	0.010647	0.135435	0.218129	0.249594	0.045395	0.157098	0.031282	0.078331	0.02701	0.047078	
Sample_110	0.107544	0.199396	0.230212	0.234363	0.028274	0.107957	0.017715	0.033655	0.011907	0.028977	
Sample_111	0.02211	0.202352	0.178799	0.215306	0.122704	0.107184	0.055931	0.050516	0.022086	0.023011	
Sample_112	0.008879	0.207916	0.172495	0.220223	0.111979	0.068773	0.058564	0.044042	0.04121	0.065918	
Sample_113	0.045967	0.169994	0.160099	0.2968	0.063711	0.042217	0.024226	0.034416	0.072325	0.090246	
Sample_114	0.063153	0.199392	0.271863	0.118654	0.090659	0.04306	0.005076	0.043144	0.076822	0.088177	
Sample_115	0.019277	0.150908	0.216034	0.156499	0.110669	0.081787	0.042365	0.031843	0.097529	0.09309	
Sample_116	0.029731	0.169581	0.200653	0.107947	0.159886	0.05736	0.061573	0.055283	0.027091	0.130895	
Sample_117	0.02263	0.207317	0.205989	0.150051	0.101814	0.017916	0.041644	0.08093	0.027507	0.144201	
Sample_118	0.01271	0.178087	0.275008	0.129197	0.113978	0.067616	0.061591	0.114866	0.015391	0.031554	
Sample_119	0.000918	0.185882	0.298793	0.111382	0.1153	0.08372	0.069595	0.057249	0.025345	0.051816	
Sample_120	0.02056	0.180836	0.308642	0.095997	0.152072	0.018003	0.031351	0.11381	0.035053	0.043677	
Sample_121	0.010133	0.182947	0.302224	0.099422	0.150463	0.05663	0.050967	0.027917	0.019334	0.099963	
Sample_122	0.040522	0.195119	0.261851	0.076058	0.077741	0.133647	0.116143	0.041385	0.020694	0.036839	
Sample_123	0.021023	0.221094	0.244738	0.208957	0.049023	0.060166	0.03724	0.089745	0.021793	0.046221	
Sample_124	0.020233	0.203296	0.262116	0.224489	0.037812	0.079538	0.015252	0.069634	0.012841	0.074789	
Sample_125	0.000211	0.218438	0.245448	0.179748	0.06969	0.087414	0.029625	0.059372	0.043998	0.066056	
Sample_126	0.00552	0.237027	0.284485	0.182651	0.03207	0.085229	0.017011	0.038424	0.021855	0.095727	
Sample_127	0.011303	0.21684	0.278743	0.166859	0.038071	0.088354	0.022137	0.061384	0.019125	0.097184	
Sample_128	9.3e-05	0.226331	0.317769	0.207958	0.018178	0.092292	0.021654	0.026983	0.010157	0.078584	
Sample_129	0.014155	0.229103	0.246206	0.214026	0.048918	0.082452	0.009872	0.023836	0.031885	0.099547	
Sample_130	0.009664	0.244261	0.254568	0.196809	0.032399	0.095979	0.017594	0.038298	0.010228	0.100199	
Sample_131	0.000262	0.25853	0.244412	0.181147	0.045773	0.101328	0.009744	0.073515	0.029345	0.055942	
Sample_132	0.011918	0.258027	0.255433	0.161079	0.030542	0.080016	0.013374	0.08348	0.022343	0.083788	
Sample_133	0.004671	0.294204	0.24261	0.174885	0.023788	0.108937	0.028917	0.041704	0.024662	0.055622	
Sample_134	0.010523	0.260094	0.224805	0.207236	0.029158	0.069552	0.028331	0.062765	0.026249	0.081286	
Sample_135	0.013435	0.250233	0.239846	0.212882	0.038931	0.037897	0.023176	0.052233	0.021339	0.110027	
Sample_136	0.022104	0.24601	0.199377	0.203847	0.055232	0.021779	0.038085	0.051121	0.057713	0.104731	
Sample_137	0.014457	0.215244	0.238632	0.163098	0.062727	0.051677	0.027258	0.084785	0.036342	0.10578	
Sample_138	0.00853	0.220986	0.255722	0.166301	0.037466	0.048857	0.038577	0.071001	0.03157	0.120991	
Sample_139	0.024328	0.22912	0.234969	0.196179	0.067138	0.023391	0.015628	0.085955	0.002967	0.120325	
Sample_140	0.009116	0.259033	0.342305	0.154495	0.022579	0.030477	0.021076	0.087677	0.022656	0.050586	
Sample_141	0.001223	0.234722	0.355708	0.154452	0.038446	0.026457	0.028507	0.04629	0.043394	0.070801	
Sample_142	0.002711	0.233509	0.336317	0.198303	0.034484	0.063317	0.015534	0.037992	0.012684	0.065148	
Sample_143	0.011192	0.234895	0.353344	0.185599	0.014927	0.070712	0.014416	0.039838	0.012259	0.062819	
Sample_144	0.005932	0.261092	0.353423	0.176888	0.025136	0.037337	0.022835	0.055767	0.000814	0.060775	
Sample_145	0.008917	0.254969	0.360496	0.168703	0.028515	0.052059	0.0118	0.041673	0.007599	0.065268	
Sample_146	0.011143	0.234076	0.324727	0.162485	0.035611	0.050078	0.035887	0.029738	0.022029	0.094227	
Sample_147	0.011818	0.220259	0.346199	0.178611	0.023689	0.045285	0.016768	0.038428	0.020363	0.098581	
Sample_148	0.014386	0.25833	0.332773	0.195917	0.030476	0.023694	0.012749	0.037881	0.021226	0.072568	
Sample_149	0.000824	0.242983	0.331935	0.210111	0.021355	0.029385	0.014003	0.056847	0.003008	0.089549	
Sample_150	0.007748	0.263709	0.334468	0.172682	0.037936	0.063494	0.01024	0.05331	0.018989	0.037424	
Sample_151	0.006421	0.266678	0.309061	0.173863	0.048944	0.079344	0.01906	0.038828	0.026104	0.031696	
Sample_152	0.004425	0.245795	0.321892	0.202856	0.033872	0.052571	0.015179	0.059397	0.018836	0.045178	
Sample_153	0.007968	0.224503	0.333961	0.169298	0.039295	0.087707	0.039296	0.04581	0.020703	0.03146	
Sample_154	0.005861	0.239388	0.307259	0.200939	0.009369	0.079575	0.029534	0.073913	0.015444	0.038717	
Sample_155	0.007828	0.217365	0.321808	0.214374	0.021002	0.090586	0.015403	0.068537	0.005333	0.037763	
Sample_156	0.008397	0.244935	0.361054	0.233199	0.027298	0.024036	0.01108	0.068312	0.006127	0.015561	
Sample_157	0.006872	0.273861	0.396281	0.222339	0.002606	0.032071	0.000195	0.011373	0.007643	0.046759	
Sample_158	0.007253	0.276916	0.281971	0.228552	0.036994	0.037023	0.012901	0.025951	0.010963	0.081476	
Sample_159	0.004507	0.288143	0.263808	0.218648	0.035186	0.028547	0.027873	0.043141	0.004507	0.085642	
Sample_160	0.011923	0.271595	0.30331	0.216119	0.019501	0.046077	0.02312	0.026587	0.012648	0.06912	
Sample_161	0.004644	0.248693	0.279342	0.209899	0.055753	0.032165	0.025806	0.036854	0.020968	0.085877	
Sample_162	0.004716	0.25066	0.280427	0.213967	0.043368	0.051165	0.028828	0.048432	0.019829	0.05861	
Sample_163	0.011506	0.249469	0.289915	0.195851	0.06207	0.055516	0.00385	0.035454	0.017358	0.079012	
Sample_164	0.01252	0.254667	0.296535	0.182601	0.036202	0.049972	0.021453	0.053026	0.006157	0.086868	
Sample_165	0.000237	0.267558	0.289391	0.180123	0.04753	0.033092	0.012406	0.079994	0.000725	0.088944	
Sample_166	0.015415	0.236732	0.278557	0.185581	0.042429	0.050901	0.050105	0.049878	0.03702	0.053383	
Sample_167	0.00758	0.218891	0.282332	0.176881	0.060237	0.0594	0.03955	0.061378	0.032747	0.061003	
Sample_168	0.011203	0.230944	0.300711	0.189708	0.058212	0.022957	0.033181	0.063183	0.029778	0.060123	
Sample_169	0.016828	0.271374	0.286414	0.196322	0.037366	0.052692	0.025277	0.065833	0.013993	0.033902	
Sample_170	0.001637	0.296933	0.315948	0.208754	0.020553	0.045638	0.009819	0.06915	0.006781	0.024788	
Sample_171	0.016505	0.25893	0.280835	0.190214	0.035222	0.031387	0.029132	0.098871	0.012338	0.046566	
Sample_172	0.003486	0.247094	0.332545	0.221561	0.016305	0.010877	0.014228	0.021144	0.004164	0.128597	
Sample_173	0.003592	0.24818	0.334694	0.221762	0.015808	0.010715	0.011904	0.0207	0.004294	0.12835	
Sample_174	0.003306	0.246644	0.332561	0.219959	0.015708	0.010989	0.014774	0.024372	0.00415	0.127538	
Sample_175	0.003526	0.243226	0.333821	0.221317	0.014724	0.013928	0.013873	0.023254	0.004215	0.128115	
Sample_176	0.003671	0.294828	0.276013	0.247645	0.00919	0.0673	0.014722	0.028347	0.019414	0.038871	
Sample_177	0.000723	0.30114	0.273163	0.248448	0.012304	0.049816	0.024179	0.03774	0.014037	0.03845	
Sample_178	0.003015	0.27558	0.269412	0.269451	0.011768	0.08773	0.016123	0.026778	0.00931	0.030833	
Sample_179	0.015629	0.270723	0.260521	0.222156	0.044344	0.067819	0.015024	0.050076	0.002863	0.050845	
Sample_180	0.006091	0.251934	0.218675	0.252326	0.049854	0.112057	0.030731	0.0185	0.021274	0.038557	
Sample_181	0.024229	0.277601	0.212508	0.223567	0.054055	0.041076	0.079167	0.015226	0.002912	0.06966	
Sample_182	0.004837	0.230084	0.255175	0.146833	0.03752	0.077549	0.063363	0.078184	0.020588	0.085867	
Sample_183	0.000243	0.25155	0.291363	0.151245	0.050371	0.050475	0.073447	0.054791	0.007711	0.068805	
Sample_184	0.004585	0.213425	0.264979	0.14761	0.021565	0.108715	0.115726	0.043749	0.013374	0.066272	
Sample_185	0.011555	0.289542	0.264906	0.090476	0.048257	0.082707	0.12296	0.042518	0.015091	0.031988	
Sample_186	0.00998	0.285571	0.30268	0.218283	0.005901	0.014337	0.023894	0.00397	0.114845	0.02054	
Sample_187	0.01106	0.280768	0.300135	0.217221	0.00818	0.019779	0.024488	0.004022	0.114249	0.020098	
Sample_188	0.005583	0.286139	0.300252	0.220666	0.00718	0.015843	0.026777	0.004066	0.113134	0.020359	
Sample_189	0.00708	0.279702	0.297364	0.218287	0.011048	0.014713	0.032879	0.006687	0.11281	0.019431	
Sample_190	0.006767	0.285652	0.292391	0.219559	0.013406	0.016884	0.03105	0.007209	0.106156	0.020926	
Sample_191	0.00876	0.163447	0.283973	0.157972	0.104766	0.043363	0.03646	0.09726	0.019811	0.084186	
Sample_192	0.013137	0.181959	0.260673	0.188679	0.140807	0.033113	0.043808	0.054332	0.031673	0.051818	
Sample_193	0.015825	0.144246	0.271653	0.201871	0.100947	0.06737	0.041394	0.059811	0.02711	0.069772	
Sample_194	0.004967	0.170637	0.307128	0.229052	0.077864	0.054324	0.011389	0.047588	0.031216	0.065837	
Sample_195	0.015847	0.157669	0.276739	0.189898	0.092438	0.109776	0.051702	0.043405	0.01491	0.047616	
Sample_196	0.01853	0.183	0.296505	0.164782	0.032222	0.017763	0.069531	0.073031	0.050721	0.093915	
Sample_197	0.037302	0.173811	0.258683	0.172469	0.068981	0.045807	0.046043	0.044233	0.053626	0.099044	
Sample_198	0.000507	0.153917	0.287071	0.168353	0.024688	0.066928	0.044054	0.13157	0.03483	0.088083	
Sample_199	0.037049	0.184131	0.314714	0.181935	0.052838	0.054918	0.001419	0.113471	0.019841	0.039682	
Sample_200	0.004944	0.174748	0.331036	0.215726	0.022736	0.065847	0.016293	0.047015	0.015667	0.10599	
Sample_201	0.000271	0.163574	0.327596	0.217696	0.030821	0.082809	0.011726	0.036872	0.011791	0.116844	
Sample_202	0.000697	0.154743	0.341429	0.192537	0.033733	0.101524	0.008303	0.039598	0.024997	0.10244	
Sample_203	0.004862	0.175678	0.30988	0.171047	0.05606	0.090652	0.01669	0.047324	0.0306	0.097206	
Sample_204	0.009667	0.194937	0.319948	0.189563	0.037844	0.078247	0.013851	0.029828	0.018624	0.107491	
Sample_205	0.000343	0.179635	0.3375	0.221163	0.037698	0.102327	0.015738	0.023882	0.009686	0.072029	
Sample_206	0.006248	0.155174	0.351847	0.152629	0.041859	0.09174	0.02076	0.059212	0.019394	0.101137	
Sample_207	0.004219	0.151385	0.319492	0.151038	0.055373	0.095914	0.042728	0.069603	0.025663	0.084586	
Sample_208	0.00896	0.159169	0.314426	0.152111	0.067188	0.103572	0.008396	0.058591	0.01471	0.112877	
Sample_209	0.000294	0.168987	0.337444	0.196655	0.031952	0.064085	0.008876	0.069316	0.044136	0.078256	
Sample_210	0.001053	0.166028	0.311375	0.177775	0.0434	0.0414	0.031249	0.083037	0.052227	0.092456	
Sample_211	0.012766	0.16096	0.328185	0.192478	0.032177	0.037504	0.026428	0.019824	0.029995	0.159683	
Sample_212	0.00276	0.179084	0.338782	0.179872	0.026362	0.057134	0.023922	0.02232	0.027164	0.1426	
Sample_213	0.008538	0.143923	0.341986	0.174969	0.048348	0.03294	0.029806	0.049273	0.013946	0.156272	
Sample_214	0.004302	0.160909	0.330454	0.186103	0.040253	0.041314	0.019444	0.064663	0.01285	0.139708	
Sample_215	0.023543	0.128819	0.271241	0.167738	0.083932	0.069366	0.047463	0.056219	0.038813	0.112865	
Sample_216	0.000378	0.144763	0.284639	0.153024	0.09396	0.081949	0.064821	0.048102	0.018169	0.110194	
Sample_217	0.012206	0.165573	0.280471	0.15461	0.0667	0.082379	0.036137	0.040944	0.01877	0.142212	
Sample_218	0.004646	0.10259	0.342994	0.251649	0.032295	0.093102	0.014339	0.022553	0.015565	0.120268	
Sample_219	0.003138	0.131741	0.328667	0.25295	0.050625	0.070364	0.029326	0.010708	0.005518	0.116962	
Sample_220	0.016636	0.116791	0.323934	0.222942	0.047448	0.090653	0.018945	0.052383	0.020963	0.089305	
Sample_221	0.01726	0.12928	0.282908	0.217955	0.019275	0.118417	0.026658	0.06901	0.01331	0.105928	
Sample_222	0.005529	0.164199	0.35019	0.201943	0.068603	0.084728	0.010663	0.052377	0.017782	0.043987	
Sample_223	0.004214	0.163395	0.341912	0.191531	0.045663	0.09307	0.025095	0.065976	0.012517	0.056626	
Sample_224	0.003993	0.19595	0.325534	0.183181	0.054574	0.084465	0.02647	0.049761	0.015113	0.060959	
Sample_225	0.000783	0.195824	0.334839	0.172098	0.035488	0.119332	0.007437	0.047272	0.005845	0.081083	
Sample_226	0.011013	0.185552	0.327955	0.18728	0.028756	0.139821	0.03613	0.032824	0.013174	0.037495	
Sample_227	0.003716	0.193829	0.354949	0.189961	0.018349	0.103865	0.045554	0.036078	0.012865	0.040835	
Sample_228	0.016965	0.216486	0.30696	0.195791	0.049206	0.117847	0.005369	0.049338	0.000574	0.041465	
Sample_229	0.007483	0.212211	0.286328	0.191992	0.033196	0.123672	0.028396	0.03928	0.011443	0.065999	
Sample_230	0.011853	0.191418	0.280747	0.188583	0.043081	0.108336	0.036344	0.061814	0.034349	0.043475	
Sample_231	0.003673	0.205229	0.325459	0.215608	0.072945	0.109765	0.005069	0.015838	0.009076	0.037338	
Sample_232	0.01322	0.155148	0.361025	0.159181	0.10192	0.093521	0.016941	0.022289	0.024998	0.051757	
Sample_233	0.001791	0.173149	0.381165	0.189525	0.026991	0.033828	0.030402	0.049792	0.018831	0.094527	
Sample_234	0.011179	0.148558	0.384745	0.191056	0.054719	0.027361	0.022	0.06123	0.016014	0.083137	
Sample_235	0.008601	0.160024	0.374025	0.197573	0.047384	0.027647	0.01046	0.033493	0.021754	0.11904	
Sample_236	0.007936	0.176505	0.360254	0.23019	0.034031	0.018391	0.034704	0.028744	0.0083	0.100946	
Sample_237	0.014454	0.152341	0.384775	0.214963	0.041648	0.03509	0.05061	0.052016	0.000568	0.053533	
Sample_238	0.004626	0.12702	0.386448	0.197755	0.039761	0.070882	0.013939	0.046491	0.023676	0.089403	
Sample_239	0.003606	0.143414	0.394142	0.185366	0.021138	0.079783	0.027913	0.032438	0.009806	0.102394	
Sample_240	0.006457	0.188086	0.433782	0.227564	0.022433	0.01844	0.010064	0.023605	0.013443	0.056126	
Sample_241	0.012469	0.182291	0.416742	0.214927	0.02211	0.016352	0.008746	0.03123	0.046229	0.048904	
Sample_242	0.003269	0.176613	0.410273	0.239038	0.016909	0.017153	0.007197	0.051925	0.017549	0.060073	
Sample_243	0.017494	0.195019	0.368042	0.239057	0.015632	0.012878	0.012175	0.023623	0.053771	0.062309	
Sample_244	0.006068	0.17185	0.360786	0.21225	0.031813	0.058043	0.024045	0.02764	0.028289	0.079217	
Sample_245	0.00551	0.186348	0.370183	0.219949	0.022065	0.052003	0.012665	0.035739	0.008116	0.087423	
Sample_246	0.001807	0.176763	0.38953	0.222537	0.042817	0.049247	0.019384	0.012689	0.017322	0.067903	
Sample_247	0.003517	0.20053	0.389986	0.207344	0.013486	0.064929	0.020437	0.033632	0.012718	0.053422	
Sample_248	0.007548	0.204381	0.403857	0.217675	0.023375	0.063625	0.002162	0.020707	0.004926	0.051743	
Sample_249	0.005209	0.204561	0.387729	0.227109	0.016058	0.045108	0.011132	0.046115	0.016563	0.040417	
Sample_250	0.00697	0.162039	0.401086	0.258275	0.009408	0.05362	0.024791	0.026186	0.006639	0.050986	
Sample_251	0.011408	0.182969	0.377451	0.253126	0.020394	0.051664	0.017553	0.022627	0.011446	0.051362	
Sample_252	0.007492	0.181555	0.376548	0.236948	0.025256	0.073884	0.021219	0.042498	0.001408	0.033193	
Sample_253	0.003421	0.160716	0.444065	0.172881	0.013287	0.054692	0.009092	0.045975	0.007919	0.087953	
Sample_254	0.007817	0.153659	0.42125	0.190081	0.020121	0.050919	0.010886	0.059121	0.009302	0.076844	
Sample_255	0.001714	0.175911	0.411789	0.170343	0.043486	0.052971	0.020841	0.023242	0.016716	0.082989	
Sample_256	0.005915	0.165487	0.415819	0.184175	0.022768	0.051753	0.02701	0.032946	0.014652	0.079475	
Sample_257	0.000115	0.150764	0.417701	0.174959	0.023878	0.085813	0.022791	0.046785	0.018335	0.058859	
Sample_258	0.000629	0.157805	0.443933	0.184593	0.015309	0.06718	0.029694	0.034961	0.02234	0.043556	
Sample_259	0.003726	0.176288	0.438122	0.189964	0.027611	0.053076	0.010479	0.037302	0.013202	0.050231	
Sample_260	0.001394	0.197474	0.429583	0.179656	0.026288	0.056484	0.017383	0.035101	0.013106	0.04353	
Sample_261	0.005166	0.20554	0.458229	0.199863	0.029959	0.028924	0.00722	0.020664	0.005294	0.039142	
Sample_262	0.00643	0.180426	0.451507	0.199995	0.01868	0.020379	0.015183	0.024483	0.019326	0.063592	
Sample_263	0.002959	0.167997	0.454863	0.199361	0.023264	0.02798	0.012586	0.042599	0.025423	0.042969	
Sample_264	0.004534	0.168071	0.418108	0.178449	0.048001	0.040557	0.031969	0.03436	0.038977	0.036974	
Sample_265	0.002497	0.187073	0.387133	0.18169	0.03461	0.077147	0.015561	0.026313	0.006771	0.081205	
Sample_266	0.000313	0.187588	0.391713	0.185921	0.039299	0.072496	0.014874	0.033056	0.013588	0.061152	
Sample_267	0.014156	0.201963	0.39346	0.163686	0.023839	0.070564	0.032907	0.026945	0.014891	0.05759	
Sample_268	0.005943	0.202961	0.422884	0.188149	0.016372	0.072007	0.004476	0.017156	0.0269	0.043151	
Sample_269	0.009531	0.172569	0.395297	0.200852	0.038733	0.072353	0.040064	0.02277	0.006697	0.041133	
Sample_270	0.011957	0.19179	0.455041	0.219765	0.009128	0.060098	0.011558	0.020746	0.012404	0.007514	
Sample_271	0.002861	0.148605	0.502571	0.186726	0.012343	0.062786	0.013839	0.007722	0.019465	0.04308	
Sample_272	0.018241	0.149912	0.458835	0.185975	0.02546	0.043598	0.02361	0.042733	0.015139	0.036497	
Sample_273	0.004199	0.13449	0.476619	0.190152	0.075474	0.046576	0.006623	0.027201	0.009361	0.029304	
Sample_274	0.003801	0.142103	0.430311	0.24411	0.0032	0.083365	0.004777	0.048989	0.028976	0.010367	
Sample_275	0.004343	0.137939	0.367128	0.243584	0.019409	0.095803	0.005057	0.04788	0.026094	0.052763	
Sample_276	0.000746	0.210221	0.302763	0.247127	0.024651	0.06186	0.021274	0.052252	0.01606	0.063047	
Sample_277	0.006204	0.185132	0.301734	0.244087	0.042403	0.061947	0.019153	0.049437	0.036153	0.05375	
Sample_278	0.004472	0.200525	0.332323	0.25919	0.039243	0.06548	0.021126	0.015523	0.004847	0.057271	
Sample_279	0.006195	0.202614	0.311978	0.229413	0.031785	0.075039	0.037706	0.03958	0.027248	0.038444	
Sample_280	0.000353	0.197832	0.349883	0.231443	0.025525	0.082747	0.020599	0.028276	0.0274	0.035942	
Sample_281	0.010804	0.205241	0.297254	0.229144	0.045021	0.044957	0.033076	0.019389	0.043334	0.07178	
Sample_282	0.000109	0.185302	0.339789	0.252265	0.00426	0.041321	0.021802	0.065961	0.01959	0.069601	
Sample_283	0.024422	0.175546	0.335774	0.243127	0.016094	0.045205	0.024391	0.055894	0.005254	0.074292	
Sample_284	0.003831	0.175159	0.326703	0.252423	0.023196	0.064423	0.013268	0.043601	0.016252	0.081144	
Sample_285	0.001814	0.184591	0.349629	0.222412	0.03528	0.040338	0.026569	0.058243	0.021035	0.06009	
Sample_286	0.009964	0.213891	0.359171	0.246821	0.01416	0.041337	0.004583	0.025444	0.004203	0.080426	
Sample_287	0.005107	0.220702	0.365669	0.270957	0.021709	0.049379	0.009248	0.020091	0.021936	0.015203	
Sample_288	0.00403	0.213141	0.374124	0.292247	0.018354	0.03302	0.015748	0.026692	0.007409	0.015234	
Sample_289	0.004584	0.228399	0.348932	0.310661	0.012993	0.022222	0.010753	0.020252	0.019744	0.02146	
Sample_290	0.00577	0.253418	0.351017	0.266209	0.014199	0.029572	0.008441	0.029681	0.010065	0.031627	
Sample_291	0.001926	0.186668	0.386924	0.297048	0.017988	0.026444	0.012199	0.038893	0.007797	0.024113	
Sample_292	0.005994	0.201733	0.401394	0.276086	0.008212	0.024713	0.008756	0.019447	0.016621	0.037044	
Sample_293	0.009766	0.169663	0.401659	0.273444	0.034928	0.02122	0.019107	0.011921	0.021157	0.037135	
Sample_294	0.005676	0.148679	0.344712	0.304874	0.024201	0.057468	0.040701	0.013711	0.003215	0.056763	
Sample_295	0.00013	0.143815	0.383761	0.287074	0.023994	0.064942	0.003711	0.01758	0.015298	0.059695	
Sample_296	0.00813	0.164571	0.319013	0.287095	0.01023	0.083705	0.007957	0.017865	0.046369	0.055064	
Sample_297	0.004114	0.144517	0.324157	0.306918	0.02464	0.082951	0.012124	0.02213	0.025002	0.053447	
Sample_298	0.004962	0.195323	0.334905	0.325583	0.008721	0.038946	0.014927	0.018853	0.016222	0.041557	
Sample_299	0.016651	0.138977	0.318781	0.248094	0.041234	0.047296	0.045038	0.047017	0.042711	0.054201	
Sample_300	0.005845	0.208254	0.380173	0.084606	0.036284	0.076798	0.006505	0.035643	0.043225	0.122667	
Sample_301	0.000346	0.24114	0.433946	0.082732	0.027282	0.044636	0.000448	0.060779	0.005465	0.103226	
Sample_302	0.000284	0.183448	0.396425	0.085556	0.060949	0.062782	0.063969	0.035705	0.005576	0.105306	
Sample_303	0.032318	0.162624	0.402225	0.069229	0.074805	0.056359	0.045691	0.02977	0.032763	0.094215	
Sample_304	0.001344	0.184252	0.348527	0.105394	0.052584	0.029662	0.045001	0.053267	0.019291	0.16068	
Sample_305	0.00227	0.176323	0.331673	0.105461	0.031646	0.05681	0.026911	0.050238	0.053617	0.165051	
Sample_306	0.000661	0.227107	0.361101	0.163599	0.055661	0.036138	0.024548	0.058527	0.022217	0.050441	
Sample_307	0.006003	0.215594	0.383691	0.164298	0.042126	0.052104	0.025109	0.061426	0.009997	0.039651	
Sample_308	0.012455	0.222278	0.403247	0.183177	0.045723	0.045319	0.004419	0.03537	0.012587	0.035425	
Sample_309	0.006245	0.207507	0.400951	0.145627	0.069632	0.031795	0.021429	0.060122	0.017424	0.03927	
Sample_310	0.008637	0.199576	0.360616	0.165179	0.074162	0.040908	0.013676	0.052487	0.012946	0.071814	
Sample_311	0.025765	0.196946	0.324606	0.151687	0.081802	0.051	0.02668	0.063714	0.023215	0.054584	
Sample_312	0.046837	0.217358	0.350498	0.158413	0.087065	0.029632	0.030751	0.04861	0.018013	0.012823	
Sample_313	0.0244	0.220427	0.365587	0.151107	0.081709	0.027698	0.010071	0.012562	0.015283	0.091156	
Sample_314	0.019972	0.222008	0.385084	0.154001	0.06454	0.02604	0.010845	0.012283	0.015693	0.089533	
Sample_315	0.017564	0.212429	0.366422	0.144029	0.104413	0.029749	0.013111	0.013444	0.015684	0.083155	
Sample_316	0.00012	0.217481	0.415607	0.187948	0.017378	0.026135	0.003591	0.046797	0.003268	0.081675	
Sample_317	0.004133	0.203614	0.38553	0.183703	0.014647	0.048966	0.013144	0.022925	0.017095	0.106243	
Sample_318	0.010528	0.20774	0.390914	0.13831	0.03211	0.053757	0.009344	0.044471	0.020556	0.092271	
Sample_319	0.01115	0.196627	0.378137	0.145205	0.026889	0.044206	0.004754	0.048551	0.035549	0.108934	
Sample_320	0.012262	0.223179	0.378492	0.15257	0.037264	0.036548	0.009729	0.052069	0.017668	0.08022	
Sample_321	0.009991	0.207848	0.340704	0.155111	0.014067	0.047366	0.012614	0.066652	0.027787	0.11786	
Sample_322	0.018221	0.183603	0.40105	0.138045	0.046344	0.025541	0.032603	0.064639	0.01704	0.072916	
Sample_323	0.001077	0.158266	0.378259	0.14319	0.040817	0.036654	0.047175	0.064817	0.034788	0.094956	
Sample_324	0.009249	0.260411	0.328903	0.146168	0.03028	0.051968	0.014843	0.035687	0.02291	0.099583	
Sample_325	0.006668	0.2713	0.334658	0.15373	0.028112	0.048621	0.014658	0.02645	0.019587	0.096216	
Sample_326	0.005409	0.275253	0.333273	0.135815	0.033344	0.047981	0.015845	0.035681	0.021469	0.095931	
Sample_327	0.011126	0.257246	0.344544	0.119463	0.046275	0.060965	0.013364	0.037839	0.020878	0.0883	
Sample_328	0.01833	0.274279	0.318078	0.145814	0.047138	0.037958	0.0178	0.050411	0.007412	0.082779	
Sample_329	0.004109	0.249373	0.319926	0.171143	0.043654	0.056252	0.021773	0.044047	0.019164	0.070559	
Sample_330	0.00636	0.265801	0.317722	0.166199	0.029589	0.050346	0.008105	0.037665	0.036273	0.08194	
Sample_331	0.017041	0.270935	0.314101	0.120434	0.047643	0.070916	0.024467	0.020579	0.031308	0.082577	
Sample_332	0.009817	0.273085	0.323084	0.132709	0.051221	0.066029	0.029903	0.037187	0.017539	0.059425	
Sample_333	0.008783	0.264588	0.338122	0.098251	0.036977	0.05841	0.033363	0.02874	0.019666	0.1131	
Sample_334	0.00663	0.237198	0.349145	0.113627	0.034947	0.060435	0.02656	0.028321	0.027222	0.115915	
Sample_335	0.012323	0.237535	0.31142	0.146507	0.073639	0.036483	0.004766	0.041604	0.010899	0.124824	
Sample_336	0.004294	0.235845	0.330179	0.119159	0.083722	0.070536	0.015453	0.036647	0.016608	0.087556	
Sample_337	0.006101	0.20109	0.329324	0.131368	0.024583	0.092483	0.025545	0.071384	0.028684	0.089438	
Sample_338	0.005304	0.200968	0.331539	0.13233	0.056047	0.093051	0.023141	0.067965	0.016645	0.07301	
Sample_339	0.003577	0.234821	0.315735	0.13754	0.048844	0.082351	0.020609	0.072474	0.011748	0.072301	
Sample_340	0.005664	0.220901	0.365714	0.149054	0.028748	0.079206	0.015123	0.031935	0.03056	0.073096	
Sample_341	0.000283	0.253802	0.349841	0.145366	0.032709	0.075787	0.016731	0.040257	0.025678	0.059546	
Sample_342	0.002924	0.230971	0.331492	0.140655	0.036337	0.103508	0.012495	0.034168	0.023211	0.08424	
Sample_343	0.019989	0.194501	0.316452	0.142757	0.065394	0.093684	0.039427	0.036676	0.018562	0.072557	
Sample_344	0.007453	0.225057	0.381044	0.119117	0.037581	0.054986	0.016784	0.061669	0.006785	0.089523	
Sample_345	0.011928	0.227707	0.372088	0.106717	0.048992	0.05676	0.027289	0.053465	0.007758	0.087295	
Sample_346	0.006887	0.232881	0.380293	0.12921	0.056639	0.065963	0.016148	0.05381	0.006162	0.052006	
Sample_347	0.007683	0.231591	0.357737	0.110891	0.038513	0.072115	0.022223	0.041601	0.038573	0.079073	
Sample_348	0.014353	0.202726	0.380942	0.119857	0.050959	0.071299	0.01425	0.035071	0.032512	0.078031	
Sample_349	0.000123	0.18666	0.371156	0.145204	0.033226	0.080613	0.029611	0.038106	0.009973	0.105328	
Sample_350	0.0056	0.209065	0.363636	0.123629	0.043225	0.07981	0.021772	0.040152	0.01282	0.100291	
Sample_351	0.004204	0.26181	0.386522	0.13133	0.017642	0.043546	0.024407	0.030561	0.02508	0.074897	
Sample_352	0.002699	0.290161	0.412128	0.112608	0.031643	0.034863	0.003246	0.039649	0.010968	0.062034	
Sample_353	0.004486	0.28556	0.394929	0.148877	0.027756	0.023244	0.043224	0.029861	0.004723	0.037341	
Sample_354	0.000132	0.25765	0.411403	0.155728	0.021489	0.062752	0.017146	0.018172	0.008842	0.046688	
Sample_355	0.001248	0.253376	0.394863	0.171241	0.044125	0.056402	0.007358	0.007405	0.007584	0.0564	
Sample_356	0.005302	0.239895	0.40909	0.132355	0.013623	0.071675	0.014099	0.038905	0.01244	0.062616	
Sample_357	0.011093	0.271293	0.339068	0.150108	0.08312	0.038183	0.025993	0.022111	0.014751	0.044279	
Sample_358	0.003711	0.25015	0.367306	0.12336	0.074745	0.066769	0.034749	0.056794	0.007878	0.014538	
Sample_359	0.006975	0.272358	0.389373	0.081974	0.110291	0.029852	0.020532	0.042118	0.003817	0.042711	
Sample_360	0.003167	0.204611	0.475134	0.119727	0.029987	0.031016	0.014569	0.043237	0.005499	0.073053	
Sample_361	0.009745	0.192996	0.456795	0.133429	0.044571	0.05437	0.017961	0.023968	0.002384	0.063782	
Sample_362	0.004328	0.176241	0.424057	0.124364	0.049323	0.058455	0.021704	0.04278	0.012864	0.085885	
Sample_363	0.01887	0.175794	0.407096	0.134425	0.037357	0.059502	0.028549	0.039072	0.024531	0.074803	
Sample_364	0.012362	0.170288	0.407601	0.132515	0.038344	0.09157	0.037411	0.053104	0.000865	0.05594	
Sample_365	0.006688	0.200584	0.407441	0.11471	0.045324	0.079255	0.021725	0.052586	0.00187	0.069817	
Sample_366	0.013921	0.189792	0.445247	0.106016	0.047329	0.093438	0.006546	0.046001	0.01566	0.036051	
Sample_367	0.015732	0.204071	0.449381	0.094026	0.023273	0.068548	0.031292	0.052023	0.033893	0.027761	
Sample_368	0.000282	0.20521	0.462326	0.137208	0.063719	0.052949	0.026207	0.03889	0.00181	0.011399	
Sample_369	0.000379	0.189173	0.449819	0.169807	0.061328	0.027187	0.029235	0.038423	0.001457	0.033192	
Sample_370	0.004029	0.184815	0.407615	0.167417	0.05668	0.066677	0.021149	0.057569	0.001525	0.032525	
Sample_371	0.020174	0.234129	0.455422	0.129751	0.042407	0.036161	0.012981	0.034968	0.003549	0.030458	
Sample_372	0.003794	0.235107	0.464778	0.119519	0.055045	0.033939	0.002206	0.026336	0.005685	0.053591	
Sample_373	0.046692	0.203313	0.405803	0.093621	0.018779	0.057607	0.052761	0.0412	0.021265	0.058959	
Sample_374	0.000277	0.191055	0.418834	0.112072	0.091387	0.046314	0.017173	0.083592	0.017202	0.022095	
Sample_375	0.008034	0.164671	0.428847	0.139325	0.073051	0.02799	0.011281	0.079202	0.031121	0.036478	
Sample_376	0.004783	0.152921	0.456682	0.132038	0.111815	0.021128	0.035583	0.018856	0.001316	0.064878	
Sample_377	0.00897	0.120467	0.464759	0.120459	0.07828	0.042004	0.028993	0.051944	0.014691	0.069432	
Sample_378	0.00381	0.160728	0.54158	0.058347	0.025838	0.056258	0.003921	0.046402	0.02973	0.073385	
Sample_379	0.004494	0.197724	0.518852	0.075505	0.041484	0.068886	0.001155	0.019261	0.023142	0.049498	
Sample_380	0.003297	0.183906	0.505175	0.079709	0.080946	0.019959	0.042023	0.020839	0.019672	0.044475	
Sample_381	0.015092	0.156469	0.511537	0.13562	0.010202	0.09628	0.011173	0.018741	0.01138	0.033506	
Sample_382	0.007288	0.196107	0.252759	0.134493	0.045457	0.104752	0.05077	0.049263	0.024642	0.134468	
Sample_383	0.00713	0.196702	0.282893	0.121546	0.027329	0.123561	0.024731	0.043559	0.018554	0.153995	
Sample_384	0.011313	0.205453	0.29472	0.084184	0.059092	0.118508	0.030289	0.036985	0.040874	0.118581	
Sample_385	0.005851	0.239149	0.254803	0.156796	0.020643	0.137663	0.011105	0.024921	0.029823	0.119246	
Sample_386	0.0156	0.216139	0.291757	0.10565	0.038345	0.078528	0.022773	0.111131	0.01262	0.107457	
Sample_387	0.003377	0.175496	0.253746	0.202877	0.037204	0.11426	0.007085	0.046596	0.012124	0.147236	
Sample_388	0.022021	0.122087	0.278804	0.155335	0.081109	0.181114	0.024783	0.061266	0.020321	0.053161	
Sample_389	0.007413	0.141651	0.286594	0.152472	0.054455	0.156149	0.026042	0.069344	0.018212	0.087669	
Sample_390	0.013072	0.127708	0.392791	0.145008	0.055597	0.02595	0.010251	0.00615	0.068062	0.155411	
Sample_391	0.060497	0.173618	0.204907	0.09751	0.088474	0.033968	0.054062	0.055212	0.009702	0.222051	
Sample_392	0.010918	0.22773	0.257915	0.056546	0.026881	0.064473	0.048357	0.050524	0.047291	0.209365	
Sample_393	0.011782	0.142842	0.163819	0.196375	0.041449	0.226321	0.039407	0.057848	0.080004	0.040154	
Sample_394	0.070025	0.17906	0.088358	0.183726	0.129209	0.124502	0.029121	0.075243	0.032508	0.088247	
Sample_395	0.208643	0.258119	0.120192	0.214005	0.01505	0.106553	0.021773	0.022183	0.008531	0.024951	
