	Predicted_signature_1	Predicted_signature_2	Predicted_signature_3	Predicted_signature_4	Predicted_signature_5	Predicted_signature_6	Predicted_signature_7	
Sample_1	0.028439	0.121201	0.013108	0.226255	0.387235	0.186452	0.037311	
Sample_2	0.046125	0.118483	0.025598	0.188324	0.280817	0.313246	0.027408	
Sample_3	0.078237	0.097515	0.08272	0.393277	0.288863	2e-06	0.059386	
Sample_4	0.036739	0.128036	0.086954	0.369522	0.301345	0.025407	0.051998	
Sample_5	0.058158	0.084696	0.102512	0.316871	0.317764	0.041955	0.078044	
Sample_6	0.052557	0.090216	0.024549	0.401661	0.393401	0.026795	0.010822	
Sample_7	0.047643	0.0638	0.025378	0.411333	0.40015	0.033734	0.017962	
Sample_8	0.056723	0.19217	0.035694	0.269594	0.4207	1e-06	0.025118	
Sample_9	0.038224	0.160334	0.029371	0.288511	0.415677	2e-06	0.067881	
Sample_10	0.046335	0.140902	0.040541	0.307642	0.363763	0.055362	0.045455	
Sample_11	0.046042	0.11218	0.123613	0.252224	0.401205	0.026649	0.038087	
Sample_12	0.038023	0.362057	0.059178	0.130597	0.279742	2e-06	0.130401	
Sample_13	0.02799	0.433567	0.052856	0.127812	0.258248	2e-06	0.099525	
Sample_14	0.053867	0.492163	0.04044	0.054886	0.286896	2e-06	0.071747	
Sample_15	0.095685	0.373932	0.1183	0.114727	0.214297	3e-06	0.083057	
Sample_16	0.058675	0.381331	0.091843	0.093611	0.20144	3e-06	0.173096	
Sample_17	0.039564	0.414441	0.047975	0.113723	0.32044	2e-06	0.063855	
Sample_18	0.065257	0.40691	0.071135	0.090931	0.311714	2e-06	0.054052	
Sample_19	0.026743	0.396994	0.033854	0.124071	0.371164	2e-06	0.047173	
Sample_20	0.101096	0.341256	0.054343	0.101476	0.340166	2e-06	0.061661	
Sample_21	0.080722	0.343245	0.058225	0.11685	0.331547	1e-06	0.069409	
Sample_22	0.078433	0.360835	0.06779	0.104433	0.340012	2e-06	0.048496	
Sample_23	0.051072	0.356074	0.081294	0.120705	0.318879	2e-06	0.071975	
Sample_24	0.081431	0.374083	0.078375	0.147769	0.288751	2e-06	0.029588	
Sample_25	0.076826	0.391895	0.067446	0.054185	0.358062	3e-06	0.051584	
Sample_26	0.053577	0.375533	0.079948	0.056214	0.35983	3e-06	0.074896	
Sample_27	0.056187	0.379842	0.064845	0.042947	0.402469	2e-06	0.053709	
Sample_28	0.081708	0.382694	0.060948	0.031787	0.391052	2e-06	0.051809	
Sample_29	0.069848	0.371652	0.041875	0.058574	0.387761	2e-06	0.070289	
Sample_30	0.09796	0.383553	0.068236	0.027355	0.348747	2e-06	0.074147	
Sample_31	0.095436	0.42757	0.064974	0.039203	0.334402	2e-06	0.038412	
Sample_32	0.035237	0.329133	0.047952	0.143865	0.339518	2e-06	0.104292	
Sample_33	0.035977	0.321617	0.051067	0.119332	0.378097	3e-06	0.093906	
Sample_34	0.039962	0.349231	0.03204	0.094956	0.353338	2e-06	0.130471	
Sample_35	0.041002	0.306213	0.095303	0.102431	0.365086	2e-06	0.089961	
Sample_36	0.084143	0.292428	0.122413	0.048851	0.2867	2e-06	0.165463	
Sample_37	0.067818	0.285573	0.110861	0.062002	0.280433	0.103826	0.089488	
Sample_38	0.209602	0.331017	0.046032	0.087204	0.303357	2e-06	0.022787	
Sample_39	0.157918	0.350927	0.07771	0.08442	0.263878	1e-06	0.065145	
Sample_40	0.256809	0.30474	0.032353	0.132242	0.222124	2e-06	0.051731	
Sample_41	0.103061	0.276492	0.087973	0.171856	0.284524	2e-06	0.076093	
Sample_42	0.097295	0.252194	0.059612	0.212194	0.266089	0.055526	0.057088	
Sample_43	0.11981	0.32767	0.049538	0.22629	0.246671	2e-06	0.030018	
Sample_44	0.167743	0.279207	0.040349	0.212292	0.271632	3e-06	0.028775	
Sample_45	0.038387	0.349872	0.043175	0.27454	0.21109	2e-06	0.082933	
Sample_46	0.054458	0.38573	0.061531	0.212546	0.248002	3e-06	0.037731	
Sample_47	0.047802	0.311661	0.056757	0.236699	0.27116	2e-06	0.07592	
Sample_48	0.060332	0.29544	0.090367	0.197948	0.244707	2e-06	0.111203	
Sample_49	0.055017	0.295645	0.020302	0.337838	0.267677	1e-06	0.023519	
Sample_50	0.034251	0.319855	0.059588	0.297127	0.252933	1e-06	0.036244	
Sample_51	0.076019	0.267685	0.015254	0.28165	0.308334	2e-06	0.051056	
Sample_52	0.059572	0.201191	0.074679	0.344314	0.254607	1e-06	0.065636	
Sample_53	0.053578	0.271147	0.050315	0.295936	0.178724	0.051812	0.098488	
Sample_54	0.075909	0.23347	0.10812	0.237439	0.151064	0.064894	0.129103	
Sample_55	0.083575	0.252462	0.092292	0.122279	0.312391	2e-06	0.137	
Sample_56	0.074611	0.224335	0.087675	0.137682	0.355847	1e-06	0.119849	
Sample_57	0.068866	0.234445	0.025632	0.205097	0.34046	3e-06	0.125496	
Sample_58	0.098537	0.143226	0.117945	0.098711	0.368774	0.075709	0.097096	
Sample_59	0.072219	0.146067	0.033366	0.064654	0.614297	0.05059	0.018808	
Sample_60	0.075972	0.123504	0.027946	0.038539	0.672479	0.039654	0.021907	
Sample_61	0.075221	0.154395	0.02888	0.063285	0.656472	0.0	0.021747	
Sample_62	0.057968	0.142903	0.027105	0.102244	0.642005	1e-06	0.027774	
Sample_63	0.055893	0.124291	0.079101	0.084975	0.603388	2e-06	0.052349	
Sample_64	0.041679	0.182766	0.039398	0.027846	0.645651	0.030308	0.032353	
Sample_65	0.053128	0.175539	0.042251	0.045168	0.573761	0.061624	0.048528	
Sample_66	0.029395	0.168108	0.036877	0.073048	0.572896	0.052122	0.067553	
Sample_67	0.041077	0.165859	0.040162	0.077217	0.592343	0.042366	0.040976	
Sample_68	0.046431	0.176641	0.024	0.095854	0.558987	0.037676	0.060411	
Sample_69	0.0668	0.176959	0.036001	0.083348	0.563637	0.031253	0.042001	
Sample_70	0.076693	0.170792	0.03032	0.074804	0.580736	0.031302	0.035353	
Sample_71	0.062491	0.145304	0.026916	0.057992	0.577159	0.033572	0.096565	
Sample_72	0.08283	0.130551	0.023926	0.046792	0.576593	0.060338	0.078971	
Sample_73	0.056644	0.131194	0.064146	0.061505	0.549918	0.053623	0.082969	
Sample_74	0.094214	0.151553	0.040365	0.045153	0.539295	0.066667	0.062753	
Sample_75	0.061192	0.147474	0.069525	0.038887	0.584837	0.08275	0.015335	
Sample_76	0.042465	0.084075	0.079505	0.059489	0.602924	0.056985	0.074557	
Sample_77	0.123849	0.149025	0.056431	0.053818	0.553265	0.025558	0.038055	
Sample_78	0.10916	0.152982	0.105364	0.061617	0.514982	0.035309	0.020587	
Sample_79	0.025285	0.24773	0.037629	0.032973	0.553633	0.041721	0.061028	
Sample_80	0.038292	0.200027	0.06497	0.029858	0.539602	0.041071	0.086179	
Sample_81	0.055426	0.219349	0.08279	0.012846	0.490756	0.029931	0.108902	
Sample_82	0.062857	0.212214	0.020983	0.072467	0.592712	1e-06	0.038766	
Sample_83	0.091001	0.194203	0.053422	0.027168	0.591884	3e-06	0.04232	
Sample_84	0.099875	0.203421	0.045417	0.055717	0.522005	1e-06	0.073564	
Sample_85	0.084698	0.18253	0.068886	0.038058	0.534787	0.035025	0.056016	
Sample_86	0.071914	0.198703	0.074447	0.030704	0.53605	0.031809	0.056373	
Sample_87	0.082167	0.190939	0.046855	0.048473	0.523371	0.051101	0.057093	
Sample_88	0.074257	0.189663	0.050683	0.03574	0.538434	0.056926	0.054297	
Sample_89	0.078893	0.220258	0.052254	0.050877	0.515832	0.04725	0.034634	
Sample_90	0.037562	0.165822	0.061277	0.063846	0.583679	2e-06	0.087812	
Sample_91	0.050294	0.206209	0.063297	0.056169	0.557696	1e-06	0.066332	
Sample_92	0.057647	0.173859	0.066565	0.140528	0.460948	0.054034	0.046419	
Sample_93	0.030221	0.18437	0.075387	0.161541	0.454692	0.038321	0.055468	
Sample_94	0.044041	0.180397	0.069133	0.099332	0.507203	0.051815	0.04808	
Sample_95	0.044907	0.175386	0.066564	0.106066	0.519951	0.058533	0.028593	
Sample_96	0.056689	0.219197	0.03478	0.116361	0.508376	2e-06	0.064595	
Sample_97	0.057552	0.207996	0.046409	0.117117	0.507512	2e-06	0.063414	
Sample_98	0.038556	0.197836	0.026585	0.089853	0.528767	0.020203	0.098201	
Sample_99	0.065501	0.169224	0.006912	0.140033	0.578325	1e-06	0.040002	
Sample_100	0.07897	0.15843	0.009352	0.131213	0.566262	0.027009	0.028764	
Sample_101	0.076706	0.085835	0.020453	0.03553	0.743097	0.024726	0.013654	
Sample_102	0.04801	0.125698	0.068115	0.205624	0.468984	0.03509	0.048479	
Sample_103	0.032629	0.134901	0.057286	0.203741	0.496096	0.043684	0.031663	
Sample_104	0.05725	0.114753	0.048235	0.205524	0.510956	0.018926	0.044355	
Sample_105	0.073885	0.14238	0.024164	0.181125	0.50362	0.034481	0.040346	
Sample_106	0.030002	0.117059	0.009646	0.129534	0.526581	0.122859	0.064319	
Sample_107	0.040082	0.364914	0.024266	0.031266	0.447457	0.055682	0.036334	
Sample_108	0.054621	0.340147	0.048182	0.033364	0.428757	0.059628	0.035301	
Sample_109	0.077415	0.346597	0.029171	0.054929	0.395041	0.073515	0.023332	
Sample_110	0.085109	0.301099	0.060445	0.043159	0.444122	0.047438	0.018628	
Sample_111	0.054489	0.340017	0.055711	0.057176	0.453757	1e-06	0.03885	
Sample_112	0.060606	0.343735	0.061387	0.059285	0.444036	1e-06	0.030949	
Sample_113	0.038612	0.368577	0.022115	0.060864	0.502944	3e-06	0.006885	
Sample_114	0.080151	0.331516	0.026225	0.076141	0.449111	0.027449	0.009407	
Sample_115	0.066844	0.356253	0.058099	0.092318	0.406023	2e-06	0.020461	
Sample_116	0.071054	0.301351	0.11571	0.098633	0.383302	3e-06	0.029946	
Sample_117	0.096713	0.295392	0.033016	0.057133	0.455151	1e-06	0.062593	
Sample_118	0.088454	0.306869	0.058904	0.042773	0.463472	0.003072	0.036457	
Sample_119	0.08175	0.311841	0.061486	0.063371	0.429873	3e-06	0.051677	
Sample_120	0.095023	0.295861	0.053195	0.081763	0.427162	1e-06	0.046994	
Sample_121	0.064806	0.271446	0.074518	0.067659	0.446977	2e-06	0.074591	
Sample_122	0.082115	0.264454	0.072424	0.08996	0.414752	2e-06	0.076293	
Sample_123	0.089708	0.248401	0.084436	0.089359	0.446167	0.022053	0.019875	
Sample_124	0.080947	0.31476	0.039544	0.082149	0.392716	2e-06	0.089882	
Sample_125	0.073334	0.303486	0.039693	0.120101	0.384257	2e-06	0.079126	
Sample_126	0.073467	0.27483	0.019583	0.106115	0.438398	2e-06	0.087605	
Sample_127	0.059126	0.311916	0.025743	0.037156	0.448771	0.02957	0.087718	
Sample_128	0.052068	0.318688	0.040101	0.035944	0.45925	2e-06	0.093947	
Sample_129	0.034587	0.286557	0.030759	0.041957	0.471055	2e-06	0.135083	
Sample_130	0.070053	0.246416	0.039525	0.053307	0.495459	0.040933	0.054308	
Sample_131	0.060884	0.260765	0.028059	0.054075	0.505512	0.039134	0.051571	
Sample_132	0.0798	0.21684	0.038939	0.070059	0.467863	0.044437	0.082062	
Sample_133	0.036825	0.236002	0.0255	0.08681	0.489095	0.053253	0.072514	
Sample_134	0.093566	0.25333	0.041933	0.051236	0.525618	1e-06	0.034317	
Sample_135	0.097451	0.252803	0.034563	0.017724	0.524263	0.039612	0.033583	
Sample_136	0.026165	0.315933	0.064114	0.070517	0.48654	2e-06	0.03673	
Sample_137	0.021867	0.278382	0.043255	0.09758	0.477749	0.018693	0.062474	
Sample_138	0.040991	0.266339	0.074481	0.060116	0.517479	2e-06	0.040592	
Sample_139	0.035926	0.251975	0.081811	0.083917	0.489675	2e-06	0.056694	
Sample_140	0.040296	0.28475	0.033808	0.053511	0.487149	2e-06	0.100485	
Sample_141	0.044289	0.267041	0.059649	0.063414	0.485577	1e-06	0.080029	
Sample_142	0.05411	0.279875	0.04464	0.039613	0.521769	2e-06	0.059992	
Sample_143	0.082131	0.274339	0.041892	0.034096	0.498172	2e-06	0.069367	
Sample_144	0.13088	0.252849	0.042878	0.075754	0.378664	0.057009	0.061968	
Sample_145	0.083701	0.243328	0.055413	0.078084	0.408355	0.070346	0.060774	
Sample_146	0.073838	0.292601	0.037097	0.064729	0.391383	0.055493	0.084859	
Sample_147	0.128418	0.233124	0.026174	0.043255	0.426512	0.052938	0.089579	
Sample_148	0.022682	0.202884	0.073429	0.192947	0.444151	2e-06	0.063904	
Sample_149	0.038942	0.231697	0.026153	0.206371	0.443855	2e-06	0.052981	
Sample_150	0.082349	0.246979	0.02065	0.143945	0.449497	0.01843	0.038149	
Sample_151	0.044763	0.255491	0.062956	0.111676	0.42958	0.042241	0.053293	
Sample_152	0.02591	0.26168	0.072501	0.133729	0.421445	0.043157	0.041577	
Sample_153	0.031413	0.223167	0.078094	0.151045	0.436237	0.033771	0.046272	
Sample_154	0.053837	0.258703	0.080595	0.143509	0.401545	2e-06	0.061809	
Sample_155	0.022265	0.277617	0.078259	0.129349	0.405638	2e-06	0.086869	
Sample_156	0.028706	0.254527	0.103263	0.092857	0.398907	0.04136	0.080379	
Sample_157	0.343903	0.17594	0.068834	0.123599	0.244762	3e-06	0.042958	
Sample_158	0.319093	0.174332	0.01399	0.091641	0.332335	2e-06	0.068607	
Sample_159	0.469112	0.080857	0.007528	0.043241	0.346157	1e-06	0.053103	
Sample_160	0.20017	0.164874	0.062461	0.07106	0.408702	2e-06	0.092731	
Sample_161	0.333473	0.149507	0.010186	0.023764	0.45499	3e-06	0.028077	
Sample_162	0.365555	0.117917	0.004966	0.272116	0.20349	2e-06	0.035954	
Sample_163	0.289153	0.181398	0.054445	0.20801	0.210428	2e-06	0.056564	
Sample_164	0.019045	0.188402	0.004031	0.685342	0.082998	1e-06	0.020182	
Sample_165	0.021663	0.142328	0.014905	0.706209	0.078532	2e-06	0.036361	
Sample_166	0.007532	0.086509	0.093908	0.699082	0.024866	0.009937	0.078165	
Sample_167	0.00925	0.064352	0.095155	0.615887	0.177679	1e-06	0.037676	
Sample_168	0.021247	0.116263	0.051974	0.606979	0.170637	1e-06	0.0329	
Sample_169	0.032824	0.071263	0.023801	0.699281	0.151291	1e-06	0.021539	
Sample_170	0.051411	0.219037	0.055667	0.426942	0.170157	2e-06	0.076784	
Sample_171	0.016474	0.18788	0.054209	0.429585	0.227233	0.035144	0.049475	
Sample_172	0.021155	0.151104	0.051432	0.540021	0.174671	2e-06	0.061614	
Sample_173	0.024347	0.180991	0.041756	0.529836	0.157823	2e-06	0.065246	
Sample_174	0.01867	0.153156	0.064656	0.494017	0.218743	1e-06	0.050756	
Sample_175	0.019386	0.302014	0.026734	0.045235	0.095189	0.278414	0.233029	
Sample_176	0.011418	0.40364	0.109131	0.04341	0.031242	0.030575	0.370585	
Sample_177	0.0046	0.046923	0.052175	0.015138	0.022184	0.082729	0.776252	
Sample_178	0.002156	0.018391	0.032053	0.013668	0.039171	1e-06	0.89456	
Sample_179	0.031361	0.073736	0.010106	0.003807	0.090244	0.147232	0.643515	
Sample_180	0.011871	0.106616	0.026323	0.214793	0.177034	4e-06	0.463359	
Sample_181	0.839043	0.03854	0.004575	0.053006	0.054488	1e-06	0.010346	
Sample_182	0.006052	0.02017	0.956126	0.001567	0.012094	0.0	0.003991	
