	Predicted_signature_1	Predicted_signature_2	Predicted_signature_3	Predicted_signature_4	Predicted_signature_5	
Sample_1	0.111427	0.0	0.018399	0.602305	0.267869	
Sample_2	0.123769	0.0	0.012342	0.597708	0.266181	
Sample_3	0.115954	0.0	0.011912	0.632395	0.239738	
Sample_4	0.151622	1e-06	0.01627	0.553752	0.278355	
Sample_5	0.135973	0.016316	9e-06	0.513385	0.334317	
Sample_6	0.1337	0.012529	9e-06	0.515276	0.338487	
Sample_7	0.025233	0.036762	0.039018	0.584363	0.314624	
Sample_8	0.12304	0.062718	0.094998	0.516169	0.203074	
Sample_9	0.233719	0.0	0.019129	0.563052	0.1841	
Sample_10	0.194999	0.0	0.045449	0.555712	0.203839	
Sample_11	0.27162	0.021585	8e-06	0.497546	0.209241	
Sample_12	0.104565	0.05022	0.056481	0.420885	0.367849	
Sample_13	0.051601	0.0	0.020796	0.820554	0.107048	
Sample_14	0.03664	0.0	0.031502	0.815378	0.11648	
Sample_15	0.024112	0.0	0.033388	0.839626	0.102874	
Sample_16	0.030372	0.0	0.047452	0.802149	0.120026	
Sample_17	0.033477	0.0	0.056997	0.795943	0.113582	
Sample_18	0.029806	0.026193	0.028931	0.798656	0.116414	
Sample_19	0.024144	1e-06	1e-05	0.86663	0.109215	
Sample_20	0.020351	0.0	9e-06	0.857945	0.121695	
Sample_21	0.033737	0.015259	0.00902	0.830981	0.111003	
Sample_22	0.037063	0.020046	9e-06	0.835549	0.107334	
Sample_23	0.025989	0.0	0.003747	0.841625	0.128638	
Sample_24	0.027137	1e-06	8e-06	0.836298	0.136556	
Sample_25	0.018401	0.0	0.006651	0.829975	0.144973	
Sample_26	0.040256	0.05374	6e-06	0.801967	0.104031	
Sample_27	0.000813	0.037321	0.016169	0.875564	0.070134	
Sample_28	0.003495	0.028853	1.1e-05	0.899976	0.067664	
Sample_29	0.022604	0.042767	0.007179	0.850333	0.077118	
Sample_30	0.012932	0.011242	8e-06	0.937225	0.038593	
Sample_31	0.004701	0.016933	0.012574	0.912846	0.052945	
Sample_32	0.02399	0.0	0.009976	0.909997	0.056037	
Sample_33	0.003351	0.0	0.024635	0.864834	0.10718	
Sample_34	0.001726	0.009652	0.012755	0.875031	0.100836	
Sample_35	0.030501	0.0	0.027937	0.861824	0.079738	
Sample_36	0.030327	0.0	0.014342	0.879979	0.075352	
Sample_37	0.019485	0.0	0.016742	0.877485	0.086287	
Sample_38	0.053212	0.0	0.023926	0.861031	0.061831	
Sample_39	0.052502	0.0	0.023523	0.848997	0.074978	
Sample_40	0.071158	0.002245	0.030177	0.841728	0.054692	
Sample_41	0.075686	1e-06	1e-05	0.857436	0.066867	
Sample_42	0.074264	0.005858	2e-06	0.860662	0.059214	
Sample_43	0.07052	0.010953	5e-06	0.845262	0.07326	
Sample_44	0.071634	0.0	0.00154	0.878681	0.048144	
Sample_45	0.047983	0.009265	0.013898	0.879532	0.049321	
Sample_46	0.046971	0.0	1e-05	0.912159	0.04086	
Sample_47	0.060676	0.0	9e-06	0.844554	0.094761	
Sample_48	0.06155	0.0	0.009354	0.835927	0.093168	
Sample_49	0.061045	0.016326	0.006908	0.812526	0.103195	
Sample_50	0.048806	1e-06	9e-06	0.869977	0.081208	
Sample_51	0.043037	0.005723	5e-06	0.867549	0.083686	
Sample_52	0.048951	0.0	0.055278	0.848356	0.047415	
Sample_53	0.04323	0.0	0.057083	0.859258	0.040428	
Sample_54	0.036408	0.0	0.041521	0.868191	0.053879	
Sample_55	0.029048	1e-06	0.041652	0.86919	0.060109	
Sample_56	0.049996	0.032026	0.054731	0.811539	0.051708	
Sample_57	0.036145	0.018358	0.078404	0.791211	0.075883	
Sample_58	0.033188	0.008015	0.084262	0.798889	0.075646	
Sample_59	0.03028	0.0	0.066682	0.827727	0.075311	
Sample_60	0.034154	0.0	3e-06	0.953177	0.012666	
Sample_61	0.016834	0.0	1.1e-05	0.975345	0.007809	
Sample_62	0.018378	0.0	0.030353	0.930422	0.020847	
Sample_63	0.020337	0.0	0.016337	0.943447	0.019879	
Sample_64	0.011329	0.026804	0.006935	0.946509	0.008423	
Sample_65	0.054367	0.0	4e-06	0.945086	0.000543	
Sample_66	0.078526	0.0	0.035541	0.762593	0.123339	
Sample_67	0.07027	0.0	0.031101	0.778619	0.12001	
Sample_68	0.095796	0.0	0.024312	0.746982	0.13291	
Sample_69	0.068743	0.020967	0.011336	0.774908	0.124045	
Sample_70	0.067728	0.026659	0.021103	0.768833	0.115678	
Sample_71	0.091987	0.0	1.1e-05	0.794066	0.113936	
Sample_72	0.101237	0.0	1e-05	0.785687	0.113065	
Sample_73	0.060852	0.0	7e-06	0.782595	0.156545	
Sample_74	0.081349	0.0	1e-05	0.775101	0.143539	
Sample_75	0.089575	0.002127	0.034946	0.862097	0.011255	
Sample_76	0.105627	0.017972	1e-05	0.859694	0.016697	
Sample_77	0.095718	0.030384	0.016779	0.803473	0.053647	
Sample_78	0.088855	0.022043	0.028718	0.810115	0.050269	
Sample_79	0.093941	0.034459	6e-06	0.831848	0.039746	
Sample_80	0.11304	0.0	1.2e-05	0.790754	0.096193	
Sample_81	0.128256	0.0	6e-06	0.784653	0.087084	
Sample_82	0.108907	1e-06	1.2e-05	0.818151	0.072929	
Sample_83	0.114887	0.0	6e-06	0.825879	0.059228	
Sample_84	0.139571	0.0	0.017578	0.775541	0.067311	
Sample_85	0.132536	0.0	0.039472	0.764914	0.063078	
Sample_86	0.100854	0.068494	1.1e-05	0.758983	0.071658	
Sample_87	0.116666	0.040391	0.006214	0.740826	0.095903	
Sample_88	0.126653	0.074277	0.015316	0.685125	0.098629	
Sample_89	0.103228	0.067722	0.056676	0.740598	0.031776	
Sample_90	0.036076	0.056013	0.110213	0.787429	0.010269	
Sample_91	0.020359	0.0	0.047736	0.723958	0.207946	
Sample_92	0.035044	0.0	0.057243	0.722536	0.185176	
Sample_93	0.018101	0.0	0.04581	0.769615	0.166474	
Sample_94	0.046754	1e-06	0.086334	0.712459	0.154453	
Sample_95	0.041556	0.0	0.005581	0.761051	0.191812	
Sample_96	0.043776	0.0	6e-06	0.756683	0.199536	
Sample_97	0.025937	0.0	0.014051	0.763926	0.196085	
Sample_98	0.037015	0.0	1.1e-05	0.742022	0.220952	
Sample_99	0.050638	0.020751	0.011579	0.717318	0.199714	
Sample_100	0.064865	0.040947	0.007601	0.699378	0.18721	
Sample_101	0.017957	0.0	0.017356	0.7348	0.229887	
Sample_102	0.012335	0.0	0.029107	0.729499	0.229057	
Sample_103	0.055775	0.057381	0.031793	0.645996	0.209055	
Sample_104	0.201326	0.003177	0.007878	0.751683	0.035936	
Sample_105	0.172426	0.012642	0.022061	0.733469	0.059402	
Sample_106	0.208172	0.0	9e-06	0.718481	0.073337	
Sample_107	0.161803	0.036271	1e-05	0.709595	0.09232	
Sample_108	0.153706	0.029786	8e-06	0.738743	0.077757	
Sample_109	0.171218	0.052045	0.007275	0.683145	0.086316	
Sample_110	0.147862	0.0	0.04234	0.710431	0.099366	
Sample_111	0.198027	0.067152	0.046973	0.637728	0.05012	
Sample_112	0.132923	0.01821	0.012409	0.668189	0.168269	
Sample_113	0.150952	0.0	9e-06	0.682374	0.166665	
Sample_114	0.151928	0.029033	0.020931	0.6619	0.136208	
Sample_115	0.128452	0.0	0.009891	0.720084	0.141573	
Sample_116	0.124223	1e-06	1.3e-05	0.737358	0.138405	
Sample_117	0.113916	0.0	0.023571	0.673269	0.189244	
Sample_118	0.101643	0.020946	0.047791	0.652281	0.177339	
Sample_119	0.149034	0.040317	0.048417	0.600537	0.161694	
Sample_120	0.1301	0.059177	0.050026	0.617377	0.143319	
Sample_121	0.353467	0.003615	3e-06	0.623258	0.019657	
Sample_122	0.362505	0.035402	0.009853	0.56242	0.029819	
Sample_123	0.359332	0.0	0.007857	0.549617	0.083193	
Sample_124	0.388774	0.015414	8e-06	0.499401	0.096403	
Sample_125	0.369982	0.046097	5e-06	0.481961	0.101955	
Sample_126	0.367544	0.014633	0.016265	0.469499	0.132059	
Sample_127	0.270957	1e-06	0.009127	0.620733	0.099182	
Sample_128	0.286589	0.024553	1.2e-05	0.597384	0.091462	
Sample_129	0.284278	0.025156	8e-06	0.568597	0.121962	
Sample_130	0.270586	0.008159	0.057431	0.59515	0.068674	
Sample_131	0.279726	0.0	0.025448	0.638038	0.056788	
Sample_132	0.263349	0.0	0.018044	0.684156	0.03445	
Sample_133	0.269099	0.006973	9e-06	0.686121	0.037798	
Sample_134	0.251717	0.0	0.005723	0.730986	0.011572	
Sample_135	0.24104	0.0	8e-06	0.667567	0.091385	
Sample_136	0.241188	0.0	0.004426	0.675656	0.078729	
Sample_137	0.281959	0.0	0.115409	0.495394	0.107237	
Sample_138	0.193682	0.058435	0.17088	0.4711	0.105903	
Sample_139	0.007348	0.031763	0.415117	0.456411	0.089361	
Sample_140	0.045562	0.0	0.378676	0.538148	0.037614	
Sample_141	0.116102	0.029818	0.337066	0.440717	0.076297	
Sample_142	0.078915	0.044614	0.223519	0.510211	0.142742	
Sample_143	0.006623	0.0	0.57936	0.410136	0.003881	
Sample_144	0.511428	0.006216	0.001942	0.480306	0.000108	
Sample_145	0.519076	0.00882	2e-06	0.467701	0.004401	
Sample_146	0.435474	0.011388	0.030006	0.463604	0.059529	
Sample_147	0.465008	0.039996	0.008412	0.383441	0.103142	
Sample_148	0.495552	0.050478	1.1e-05	0.398768	0.05519	
Sample_149	0.44338	0.071063	1.2e-05	0.430428	0.055117	
Sample_150	0.566597	0.002863	0.009872	0.388293	0.032375	
Sample_151	0.38281	0.02503	0.009253	0.360458	0.22245	
Sample_152	0.366379	0.018103	0.018216	0.345642	0.25166	
Sample_153	0.711319	0.0	0.029616	0.167793	0.091272	
Sample_154	0.620996	0.023423	0.034953	0.186662	0.133966	
Sample_155	0.686448	0.020335	7e-06	0.249545	0.043665	
Sample_156	0.706215	0.015974	6e-06	0.229729	0.048076	
Sample_157	0.650782	0.0	7e-06	0.274812	0.074399	
Sample_158	0.983325	0.0	5e-06	0.016299	0.000371	
Sample_159	0.983753	0.0	9e-06	0.013684	0.002553	
Sample_160	0.993171	0.001194	2e-06	0.005374	0.000259	
Sample_161	0.889363	0.037805	5e-06	0.008537	0.064291	
Sample_162	0.870811	0.032397	4e-06	0.095675	0.001112	
Sample_163	0.834343	0.019879	2e-06	0.144103	0.001673	
Sample_164	0.000477	0.0	0.002153	0.001471	0.995898	
Sample_165	0.000178	0.0	0.001263	0.000916	0.997642	
Sample_166	0.000129	0.00539	0.005256	0.026466	0.962759	
Sample_167	0.00178	0.042949	0.018155	0.010874	0.926242	
Sample_168	0.278379	0.0	9e-06	0.026433	0.695178	
Sample_169	0.015975	0.029911	0.016741	0.360224	0.577149	
Sample_170	0.130424	0.0	0.731801	0.135181	0.002594	
Sample_171	0.061004	0.0	0.703688	0.219045	0.016264	
Sample_172	0.000227	0.001163	0.995451	0.001921	0.001238	
Sample_173	0.321625	0.0	0.632273	0.045558	0.000544	
Sample_174	0.22407	0.0	0.564615	0.160247	0.051067	
Sample_175	3.5e-05	0.999721	0.0	0.000211	3.3e-05	
