	Predicted_signature_1	Predicted_signature_2	Predicted_signature_3	Predicted_signature_4	Predicted_signature_5	Predicted_signature_6	Predicted_signature_7	Predicted_signature_8	
Sample_1	0.577157	0.000914	0.355268	0.003383	0.05119	6e-06	7.7e-05	0.012005	
Sample_2	0.51993	0.00879	0.333472	0.00213	0.066105	3e-06	0.063034	0.006535	
Sample_3	0.501948	0.004456	0.431391	0.006635	0.007208	0.001199	0.044368	0.002796	
Sample_4	0.43179	0.016138	0.215049	0.000645	0.022859	0.075728	0.197917	0.039874	
Sample_5	0.709836	0.002608	0.049787	0.220195	0.012771	0.002181	0.001025	0.001597	
Sample_6	0.103014	0.093372	0.432733	0.200533	0.090035	1.6e-05	0.016256	0.064041	
Sample_7	0.009603	0.099023	0.450559	0.293001	0.107561	0.008899	0.02349	0.007864	
Sample_8	0.15185	0.097342	0.289339	0.209977	0.19909	0.015803	7.2e-05	0.036528	
Sample_9	0.195009	0.025921	0.32763	0.171079	0.210942	1.2e-05	7.2e-05	0.069336	
Sample_10	0.187064	0.013937	0.529203	0.13466	0.105397	0.00482	0.01855	0.006369	
Sample_11	0.161386	0.007868	0.587933	0.110277	0.091518	0.011367	8.7e-05	0.029565	
Sample_12	0.129358	0.016007	0.573494	0.116976	0.135234	2.7e-05	0.026752	0.002152	
Sample_13	0.11795	0.033861	0.547747	0.134322	0.133512	0.006843	0.019772	0.005992	
Sample_14	0.18597	0.02207	0.575204	0.073722	0.130161	8e-06	6.5e-05	0.012801	
Sample_15	0.156645	0.01058	0.571733	0.084395	0.159794	0.005267	7.3e-05	0.011513	
Sample_16	0.183296	0.020692	0.524962	0.083763	0.152628	1.2e-05	0.021124	0.013523	
Sample_17	0.152103	0.042532	0.585104	0.053206	0.155083	0.01181	0.00013	3.2e-05	
Sample_18	0.104872	0.010528	0.634404	0.078272	0.100039	0.022245	0.043887	0.005754	
Sample_19	0.121858	0.024831	0.666871	0.053277	0.076156	3e-05	0.056923	5.4e-05	
Sample_20	0.264502	0.009775	0.576705	0.049785	0.072804	0.005509	4.6e-05	0.020874	
Sample_21	0.272961	0.008834	0.601545	0.039556	0.040525	1.8e-05	0.03652	4e-05	
Sample_22	0.278586	0.021657	0.508654	0.07964	0.087867	2.3e-05	0.02353	4.3e-05	
Sample_23	0.206644	0.010215	0.58013	0.083054	0.097073	0.00451	0.007869	0.010504	
Sample_24	0.200403	0.007545	0.579075	0.090823	0.089746	0.025836	0.000103	0.006468	
Sample_25	0.221325	0.020897	0.540506	0.081956	0.099139	6e-06	0.024484	0.011687	
Sample_26	0.221111	0.005971	0.552276	0.09093	0.102739	0.009114	0.012055	0.005804	
Sample_27	0.210631	0.042671	0.583953	0.056086	0.085614	1.1e-05	0.020937	9.7e-05	
Sample_28	0.246688	0.023983	0.515617	0.06385	0.092763	0.002208	0.014686	0.040203	
Sample_29	0.223906	0.020325	0.549253	0.046055	0.098391	1.4e-05	0.02549	0.036566	
Sample_30	0.218083	0.016927	0.54182	0.071448	0.073965	0.007428	0.013537	0.056792	
Sample_31	0.243156	0.010644	0.523355	0.08122	0.130781	4e-06	0.010822	1.9e-05	
Sample_32	0.245557	0.006079	0.534953	0.063086	0.129578	0.014665	9.5e-05	0.005987	
Sample_33	0.25179	0.017529	0.538041	0.065364	0.105039	9e-06	0.022177	5.1e-05	
Sample_34	0.239108	0.0013	0.562127	0.033074	0.146631	0.005644	0.004756	0.00736	
Sample_35	0.219328	0.014559	0.501939	0.057556	0.106409	0.004126	0.074938	0.021145	
Sample_36	0.240143	0.017898	0.537085	0.028143	0.109738	1.3e-05	0.051802	0.015178	
Sample_37	0.193508	0.016752	0.542073	0.017317	0.148931	3.1e-05	0.072426	0.008962	
Sample_38	0.186645	0.022723	0.582142	0.07617	0.036785	1.2e-05	0.051689	0.043833	
Sample_39	0.214485	0.023521	0.613825	0.039235	0.044309	5.2e-05	0.038086	0.026488	
Sample_40	0.158521	0.024298	0.610342	0.001359	0.08463	1e-05	0.019089	0.101751	
Sample_41	0.16891	0.01411	0.429094	0.117457	0.237319	8e-06	0.024453	0.00865	
Sample_42	0.164093	0.012713	0.444182	0.08954	0.234498	0.022908	6.4e-05	0.032003	
Sample_43	0.163487	0.036286	0.502452	0.069389	0.186137	0.010062	0.027367	0.004822	
Sample_44	0.172861	0.030877	0.476863	0.076046	0.207048	1.2e-05	0.03624	5.3e-05	
Sample_45	0.176079	0.01841	0.515525	0.041614	0.208554	8e-06	0.027547	0.012263	
Sample_46	0.108268	0.005763	0.516045	0.127823	0.196494	1.2e-05	0.017859	0.027735	
Sample_47	0.104068	0.036078	0.437814	0.10848	0.185498	0.016981	0.053773	0.057309	
Sample_48	0.186508	0.035211	0.444634	0.162742	0.137846	4.1e-05	0.013311	0.019707	
Sample_49	0.142521	0.030292	0.443232	0.150844	0.165226	0.033871	0.000187	0.033828	
Sample_50	0.233728	0.024519	0.431526	0.104139	0.15043	1.7e-05	0.055582	5.9e-05	
Sample_51	0.251726	0.023656	0.388492	0.110019	0.171234	0.01487	0.0337	0.006304	
Sample_52	0.262244	0.000139	0.36648	0.082729	0.146929	2e-05	0.057179	0.08428	
Sample_53	0.383271	6.1e-05	0.450637	0.017187	0.084799	0.005819	0.037605	0.020621	
Sample_54	0.354931	0.027885	0.440862	0.020056	0.12906	0.010869	8.8e-05	0.016249	
Sample_55	0.276571	0.02515	0.46512	0.020202	0.114152	3.6e-05	0.069531	0.029238	
Sample_56	0.333315	0.037964	0.440432	0.113361	0.045801	2.1e-05	0.013942	0.015164	
Sample_57	0.29161	0.007019	0.569311	0.034835	0.036437	0.013582	0.000146	0.04706	
Sample_58	0.282596	0.034586	0.546458	0.021415	0.029221	8e-06	8e-05	0.085637	
Sample_59	0.352349	0.020072	0.505348	0.020017	0.008449	0.020091	0.000119	0.073556	
Sample_60	0.120923	0.287162	0.373217	0.057775	0.124614	0.008196	0.010864	0.017248	
Sample_61	0.110663	0.008304	0.414217	0.052573	0.356156	1.5e-05	0.010945	0.047126	
Sample_62	0.084165	0.013849	0.418476	0.082927	0.368555	0.001753	0.010313	0.019962	
Sample_63	0.094693	0.014593	0.254495	0.104894	0.478672	0.001757	0.017914	0.032981	
Sample_64	0.317534	0.018701	0.221819	0.037023	0.336419	0.001165	0.059266	0.008073	
Sample_65	0.146647	0.030849	0.161939	0.000534	0.625956	0.012046	7.2e-05	0.021957	
Sample_66	0.070515	0.021173	0.166449	0.010532	0.691461	0.005976	0.008739	0.025155	
Sample_67	0.016212	0.007935	0.027602	0.016227	0.813439	0.098368	1.7e-05	0.0202	
Sample_68	0.001677	0.817165	0.081444	0.018209	0.046812	0.02365	7e-05	0.010973	
Sample_69	0.000615	0.929338	0.058399	0.00011	0.005209	8e-06	0.006309	1.1e-05	
Sample_70	0.051031	0.77283	0.096	0.040245	0.006054	0.033585	0.000201	5.3e-05	
Sample_71	0.022473	0.663609	0.115537	0.060539	0.055343	0.027975	0.000111	0.054413	
Sample_72	0.044733	0.008938	0.069481	0.705852	0.016066	0.074926	0.066224	0.013779	
Sample_73	0.227109	0.002838	0.05162	0.63387	0.062924	0.009113	0.008247	0.00428	
Sample_74	0.243156	0.007285	0.029343	0.31767	0.04496	0.250929	0.097973	0.008684	
Sample_75	0.129796	0.008203	0.022245	0.278206	0.074347	0.138206	0.33744	0.011559	
Sample_76	0.150926	0.002981	0.013709	0.102965	0.023524	0.107456	0.591239	0.0072	
Sample_77	0.01793	0.001723	0.021748	0.024924	0.041129	0.694292	0.188548	0.009706	
Sample_78	0.044152	0.004843	0.017211	0.022821	0.020694	0.659174	0.21156	0.019545	
Sample_79	0.01577	0.003938	0.009485	0.066102	0.028468	0.727154	0.13686	0.012223	
Sample_80	0.077592	0.007685	0.024745	0.017966	0.004432	0.848891	0.008406	0.010282	
Sample_81	0.074991	0.009891	0.023779	0.00046	0.020917	0.839773	0.024946	0.005243	
Sample_82	0.030044	0.004867	0.01236	0.00739	0.058224	0.849522	0.034812	0.00278	
Sample_83	0.055127	0.001266	0.018985	0.002419	0.018807	0.834378	0.059319	0.0097	
Sample_84	0.028698	0.00324	0.011145	0.025661	0.009415	0.842281	0.07232	0.007241	
Sample_85	0.056464	0.004156	0.015067	0.010644	0.021034	0.795742	0.094481	0.002413	
Sample_86	0.020928	0.004992	0.012954	0.061439	0.02453	0.785445	0.080948	0.008764	
Sample_87	0.032291	0.001238	0.013398	0.000179	0.025712	0.575911	0.351256	1.4e-05	
Sample_88	0.033449	0.002963	0.008382	0.022226	0.056522	0.557281	0.311029	0.008149	
Sample_89	0.051486	0.002652	0.013012	0.004541	0.061343	0.602884	0.249849	0.014234	
