	Predicted_signature_1	Predicted_signature_2	Predicted_signature_3	Predicted_signature_4	Predicted_signature_5	Predicted_signature_6	
Sample_1	0.029679	0.023574	0.598696	0.112445	0.157244	0.078361	
Sample_2	0.030002	0.029501	0.599787	0.124747	0.153175	0.062787	
Sample_3	0.018212	0.036732	0.578041	0.127573	0.170145	0.069297	
Sample_4	0.012742	0.018946	0.607133	0.10303	0.171795	0.086354	
Sample_5	0.014682	0.015718	0.630823	0.106545	0.15112	0.081112	
Sample_6	0.024526	0.038084	0.579493	0.116274	0.142988	0.098635	
Sample_7	0.011063	0.045489	0.602659	0.13058	0.135367	0.074842	
Sample_8	0.016275	0.062845	0.553043	0.120066	0.169933	0.077838	
Sample_9	0.012115	0.048844	0.595103	0.098604	0.173687	0.071646	
Sample_10	0.022119	0.037173	0.573126	0.101657	0.187918	0.078008	
Sample_11	0.029729	0.043026	0.591141	0.082935	0.174468	0.078701	
Sample_12	0.032354	0.032238	0.57616	0.082597	0.185861	0.090791	
Sample_13	0.018236	0.032635	0.602319	0.082052	0.200865	0.063893	
Sample_14	0.034084	0.031052	0.589434	0.08499	0.19794	0.062501	
Sample_15	0.023683	0.018717	0.59877	0.095056	0.190286	0.073488	
Sample_16	0.014231	0.046098	0.575073	0.075112	0.207527	0.081959	
Sample_17	0.028247	0.02005	0.654382	0.084428	0.202735	0.010159	
Sample_18	0.054396	0.024538	0.601967	0.099958	0.183321	0.03582	
Sample_19	0.021745	0.024463	0.621954	0.119159	0.179573	0.033106	
Sample_20	0.019719	0.018436	0.640204	0.100221	0.193172	0.028248	
Sample_21	0.016792	0.025987	0.636678	0.099553	0.176823	0.044167	
Sample_22	0.015817	0.022529	0.640549	0.105189	0.168218	0.047697	
Sample_23	0.005332	0.027919	0.639165	0.095934	0.166775	0.064876	
Sample_24	0.012746	0.019392	0.688434	0.085961	0.154719	0.038749	
Sample_25	0.013466	0.017913	0.690735	0.074116	0.146858	0.056912	
Sample_26	0.013955	0.021782	0.69037	0.087176	0.124763	0.061952	
Sample_27	0.010813	0.018591	0.659628	0.102661	0.139425	0.068883	
Sample_28	0.019559	0.012935	0.659521	0.104712	0.149167	0.054105	
Sample_29	0.031093	0.028641	0.65134	0.104234	0.139722	0.04497	
Sample_30	0.027653	0.02457	0.666833	0.119614	0.105164	0.056165	
Sample_31	0.017179	0.022608	0.627696	0.09382	0.126202	0.112495	
Sample_32	0.01877	0.022501	0.627982	0.086855	0.1415	0.102392	
Sample_33	0.015162	0.022686	0.649079	0.072549	0.156805	0.083718	
Sample_34	0.031092	0.014255	0.728133	0.088813	0.081727	0.05598	
Sample_35	0.010396	0.014463	0.740273	0.087098	0.086924	0.060846	
Sample_36	0.014876	0.01861	0.735133	0.078451	0.106562	0.046368	
Sample_37	0.013277	0.011265	0.776674	0.057879	0.088321	0.052584	
Sample_38	0.019492	0.02421	0.706425	0.065615	0.101542	0.082717	
Sample_39	0.018601	0.03605	0.692411	0.08334	0.08387	0.085727	
Sample_40	0.030346	0.034943	0.70269	0.103827	0.065015	0.063179	
Sample_41	0.024464	0.044701	0.648474	0.108065	0.064506	0.10979	
Sample_42	0.004646	0.028144	0.682683	0.095874	0.073603	0.115051	
Sample_43	0.040944	0.024043	0.552596	0.186829	0.093843	0.101745	
Sample_44	0.014572	0.031956	0.55589	0.178807	0.154187	0.064588	
Sample_45	0.017724	0.070906	0.612263	0.144409	0.095855	0.058843	
Sample_46	0.040494	0.06607	0.577904	0.143088	0.113711	0.058733	
Sample_47	0.00543	0.036568	0.580846	0.1375	0.038432	0.201224	
Sample_48	0.016108	0.029485	0.590439	0.102545	0.108042	0.153381	
Sample_49	0.016982	0.044775	0.433998	0.115799	0.324541	0.063905	
Sample_50	0.021621	0.050006	0.415244	0.113883	0.335758	0.063488	
Sample_51	0.009941	0.025324	0.47738	0.09671	0.336766	0.053878	
Sample_52	0.017134	0.07173	0.404741	0.147286	0.315186	0.043922	
Sample_53	0.021474	0.031744	0.477594	0.125345	0.275574	0.06827	
Sample_54	0.014883	0.034626	0.471935	0.101947	0.283272	0.093337	
Sample_55	0.023224	0.059574	0.473201	0.105551	0.299825	0.038625	
Sample_56	0.023992	0.017716	0.605334	0.073243	0.2331	0.046615	
Sample_57	0.00747	0.042847	0.595773	0.060413	0.242024	0.051472	
Sample_58	0.022707	0.023254	0.583586	0.102148	0.221678	0.046627	
Sample_59	0.011784	0.034097	0.572273	0.105922	0.22692	0.049004	
Sample_60	0.021405	0.026709	0.568506	0.104308	0.214942	0.06413	
Sample_61	0.02583	0.031768	0.610598	0.079196	0.245878	0.00673	
Sample_62	0.004145	0.024779	0.572205	0.074653	0.251519	0.072698	
Sample_63	0.008899	0.033922	0.545778	0.07762	0.23421	0.099571	
Sample_64	0.02298	0.01433	0.52582	0.10276	0.28556	0.048549	
Sample_65	0.016732	0.035756	0.560339	0.082868	0.270501	0.033803	
Sample_66	0.03139	0.04026	0.509026	0.117142	0.230471	0.071712	
Sample_67	0.025336	0.033907	0.516062	0.114195	0.248282	0.06222	
Sample_68	0.017643	0.043015	0.521626	0.101147	0.23965	0.076918	
Sample_69	0.030175	0.053102	0.487773	0.129844	0.245449	0.053657	
Sample_70	0.021685	0.062398	0.490388	0.117989	0.214312	0.093229	
Sample_71	0.018527	0.048572	0.505723	0.116653	0.219736	0.090788	
Sample_72	0.013138	0.024418	0.519951	0.162265	0.23108	0.049148	
Sample_73	0.020018	0.032725	0.506175	0.154581	0.236894	0.049608	
Sample_74	0.142371	0.087647	0.434023	0.126341	0.086521	0.123096	
Sample_75	0.12057	0.02006	0.431407	0.152284	0.134132	0.141548	
Sample_76	0.119485	0.164968	0.419139	0.110635	0.111754	0.074018	
Sample_77	0.001271	0.173389	0.411671	0.206371	0.206469	0.000829	
Sample_78	0.02397	0.098244	0.24754	0.11685	0.401289	0.112106	
Sample_79	0.025195	0.103075	0.317375	0.124264	0.386058	0.044033	
Sample_80	0.023381	0.073032	0.384507	0.072408	0.344641	0.102031	
Sample_81	0.015595	0.068078	0.347577	0.086749	0.315391	0.166611	
Sample_82	0.014226	0.02559	0.347526	0.092396	0.421958	0.098305	
Sample_83	0.024772	0.0342	0.330329	0.108118	0.383575	0.119006	
Sample_84	0.126496	0.05918	0.278144	0.060275	0.439852	0.036052	
Sample_85	0.020258	0.064629	0.206276	0.097102	0.477221	0.134514	
Sample_86	0.023872	0.021693	0.229089	0.050446	0.506906	0.167994	
Sample_87	0.016599	0.023327	0.103059	0.03435	0.670005	0.15266	
Sample_88	0.020138	0.039245	0.33549	0.103935	0.101421	0.399771	
Sample_89	0.329842	0.079176	0.308436	0.172392	0.076146	0.034008	
Sample_90	0.343771	0.082291	0.311048	0.133373	0.084521	0.044996	
Sample_91	0.396966	0.081562	0.271731	0.141729	0.067065	0.040947	
Sample_92	0.270945	0.10192	0.310548	0.175576	0.06573	0.075281	
Sample_93	0.331061	0.058748	0.185912	0.284574	0.028438	0.111267	
Sample_94	0.098448	0.331442	0.292438	0.079548	0.104557	0.093567	
Sample_95	0.073944	0.413955	0.257628	0.048471	0.08557	0.120432	
Sample_96	0.098764	0.331278	0.242258	0.056911	0.043505	0.227284	
Sample_97	0.101294	0.305459	0.300251	0.068079	0.046804	0.178114	
Sample_98	0.089479	0.234395	0.359254	0.065126	0.102337	0.149409	
Sample_99	0.024467	0.240843	0.414108	0.041138	0.084946	0.194497	
Sample_100	0.104522	0.283295	0.2632	0.064479	0.213964	0.07054	
Sample_101	0.209609	0.170889	0.25356	0.13564	0.072889	0.157414	
Sample_102	0.201967	0.259457	0.191241	0.142078	0.073128	0.132128	
Sample_103	0.051982	0.438481	0.132686	0.026169	0.130623	0.220059	
Sample_104	0.036464	0.445316	0.059747	0.029056	0.214433	0.214983	
Sample_105	0.006047	0.607629	0.030866	0.006685	0.010596	0.338176	
Sample_106	0.000868	0.547104	0.033137	0.006399	0.014383	0.398108	
Sample_107	0.028212	0.508561	0.07181	0.022582	0.063276	0.305558	
Sample_108	0.029227	0.509589	0.10927	0.0227	0.067411	0.261803	
Sample_109	0.020255	0.365475	0.219317	0.045416	0.045831	0.303706	
Sample_110	0.012535	0.000391	0.019709	0.957497	0.004394	0.005474	
