	Predicted_signature_1	Predicted_signature_2	Predicted_signature_3	Predicted_signature_4	Predicted_signature_5	Predicted_signature_6	Predicted_signature_7	Predicted_signature_8	Predicted_signature_9	Predicted_signature_10	Predicted_signature_11	
Sample_1	0.036239	0.0	0.078395	0.03277	0.195086	0.027265	0.074322	0.015936	0.145825	0.347676	0.046487	
Sample_2	0.018439	0.0	0.050336	0.063743	0.2533	0.015773	0.067545	0.015362	0.015388	0.404693	0.09542	
Sample_3	0.033206	0.0	0.303512	0.016773	0.196514	0.000289	0.046599	0.041847	0.091914	0.254247	0.0151	
Sample_4	0.051137	0.0	0.174547	0.152834	0.372725	0.016856	0.060793	0.045743	0.071157	0.002685	0.051523	
Sample_5	0.014186	0.0	0.210681	0.033477	0.512909	0.017796	0.007757	0.002378	0.120583	0.026634	0.0536	
Sample_6	0.040318	0.0	0.139483	0.130524	0.507193	0.011851	0.046834	0.017108	0.038422	0.062674	0.005592	
Sample_7	0.054046	0.001555	0.054098	0.101648	0.519263	0.001695	0.087156	0.000718	0.040089	0.059568	0.080165	
Sample_8	0.012187	0.0	0.095157	0.006044	0.803669	0.014075	0.018867	0.0175	0.006748	0.017397	0.008356	
Sample_9	0.047232	0.005864	0.066286	0.026017	0.725842	0.009942	0.034368	0.018676	0.024573	0.025155	0.016045	
Sample_10	0.03955	0.006541	0.01628	0.030033	0.824892	0.003053	0.032922	0.000576	0.014199	0.02768	0.004273	
Sample_11	0.038137	0.0	0.011916	0.02575	0.858974	0.001781	0.01609	0.001604	0.012837	0.026499	0.006412	
Sample_12	0.020122	0.001006	0.022419	0.03996	0.846079	0.007483	0.014604	0.023457	0.010637	0.004489	0.009745	
Sample_13	0.045365	0.0	0.06046	0.025499	0.658584	0.006417	0.034582	0.014485	0.046951	0.069569	0.038088	
Sample_14	0.016481	0.0	0.074375	0.029726	0.368447	3.8e-05	0.07098	0.048193	0.155351	0.196793	0.039615	
Sample_15	0.002543	0.0	0.127917	0.021624	0.387229	0.020972	0.061117	0.028923	0.125445	0.11057	0.113658	
Sample_16	0.050193	0.002704	0.217101	0.00549	0.38889	0.02208	0.026359	0.068543	0.052486	0.151801	0.014353	
Sample_17	0.088526	0.116486	0.081057	0.115994	0.075518	0.0402	0.038647	0.018899	0.342461	0.048655	0.033557	
Sample_18	0.02847	0.002171	0.089168	0.090358	0.053961	0.048513	0.019252	0.011673	0.489644	0.139317	0.027474	
Sample_19	0.04981	0.002919	0.051358	0.167362	0.063372	0.040985	0.045669	0.042715	0.296437	0.139538	0.099835	
Sample_20	0.149695	0.018003	0.034351	0.192923	0.103857	0.025484	0.068314	0.032707	0.228462	0.11179	0.034413	
Sample_21	0.021848	0.0	0.120442	0.080965	0.143438	0.047386	0.035069	0.042072	0.287845	0.212009	0.008925	
Sample_22	0.075102	0.001561	0.145884	0.356124	0.036545	0.047055	0.024414	0.032156	0.142693	0.120103	0.018363	
Sample_23	0.12103	0.001178	0.154486	0.007556	0.023361	0.009402	0.023733	0.148483	0.023221	0.003794	0.483756	
Sample_24	0.101958	0.0	0.164861	0.003707	0.012877	0.032995	0.013354	0.170838	0.008408	0.013702	0.477299	
Sample_25	0.105002	0.0	0.158435	0.005913	0.048601	0.015105	0.007758	0.158039	0.020525	0.034717	0.445904	
Sample_26	0.11932	0.0	0.173919	0.028321	0.036781	0.019745	0.015341	0.182017	0.008772	0.022379	0.393405	
Sample_27	0.126102	0.001363	0.102924	0.017394	0.104744	0.017883	0.003711	0.189008	0.038247	0.005593	0.39303	
Sample_28	0.079189	0.0	0.202638	0.000237	0.070992	0.004681	0.009215	0.157308	0.092634	0.043407	0.339699	
Sample_29	0.187319	0.000634	0.302338	0.007906	0.000372	0.009574	0.007665	0.097447	0.016284	0.007354	0.363109	
Sample_30	0.129479	0.0	0.261844	0.007155	0.053285	0.023373	0.002008	0.11971	0.063592	0.014247	0.325307	
Sample_31	0.105491	0.000791	0.277438	0.003067	0.032031	0.016688	0.000116	0.092073	0.031012	0.020867	0.420426	
Sample_32	0.118058	0.0	0.258813	0.00874	0.0171	0.021667	0.003912	0.071247	0.055	0.010687	0.434775	
Sample_33	0.115114	0.001604	0.292481	0.008632	0.022201	0.008067	0.005399	0.046121	0.010295	0.007267	0.482819	
Sample_34	0.160174	0.0	0.239649	0.001843	0.0113	0.017555	0.02548	0.085183	0.011345	0.026526	0.420946	
Sample_35	0.159804	0.0	0.204951	0.019343	0.030875	0.013349	0.012157	0.099254	0.030072	0.014411	0.415783	
Sample_36	0.242289	0.000752	0.188594	0.009866	0.024697	0.018573	0.010597	0.0918	0.055289	0.01451	0.343034	
Sample_37	0.216259	0.047652	0.228117	0.011453	0.03637	0.009832	0.000133	0.050671	0.054013	0.007858	0.337645	
Sample_38	0.094216	0.173535	0.15138	0.011457	0.082132	0.007969	0.030595	0.112165	0.009868	0.003687	0.322996	
Sample_39	0.06634	0.0	0.528118	0.015701	0.003299	0.01945	0.002137	0.137174	0.010109	0.003476	0.214196	
Sample_40	0.07556	0.0	0.496908	0.013008	0.002617	0.013609	0.004625	0.102715	0.005501	0.025097	0.260361	
Sample_41	0.009609	0.0	0.512363	0.018843	0.014119	0.010337	0.002516	0.159124	0.027146	0.015582	0.23036	
Sample_42	0.016299	0.001064	0.484226	0.003715	0.022915	0.030125	0.017422	0.167299	0.036381	0.010378	0.210176	
Sample_43	0.054748	0.0	0.562335	0.010682	0.012942	0.006733	0.011428	0.083434	0.019075	0.038665	0.199959	
Sample_44	0.040546	0.0	0.54635	0.0178	0.015281	0.00941	0.010454	0.070078	0.053342	0.011373	0.225365	
Sample_45	0.042761	0.000698	0.575332	0.001311	0.018283	0.030575	0.020388	0.122099	0.016529	0.010513	0.161511	
Sample_46	0.05143	0.0	0.493852	0.015231	0.017222	0.049837	0.028631	0.160586	0.021474	0.078253	0.083485	
Sample_47	0.103201	0.100842	0.39016	0.00402	0.014085	0.017932	0.021256	0.090445	0.021967	0.023539	0.212554	
Sample_48	0.057148	0.000574	0.418729	0.001267	0.010854	0.022472	0.00826	0.097534	0.036231	0.013157	0.333774	
Sample_49	0.049008	0.0	0.428769	0.005795	0.010552	0.010246	0.013923	0.121186	0.036889	0.005129	0.318503	
Sample_50	0.073916	0.000659	0.3936	0.010937	0.017408	0.010408	0.007046	0.122756	0.035056	0.006534	0.321679	
Sample_51	0.036841	0.0	0.407052	0.0187	0.006032	0.031076	0.018897	0.129495	0.023624	0.00907	0.319214	
Sample_52	0.063274	0.0	0.419288	0.014025	0.028346	0.016781	0.029347	0.090701	0.011213	0.005726	0.321299	
Sample_53	0.084595	0.0	0.40881	0.003021	0.002616	0.035028	0.020818	0.124877	0.028723	0.008014	0.283498	
Sample_54	0.035951	0.000512	0.490365	0.008684	0.010225	0.007837	0.002925	0.092421	0.025323	0.003482	0.322276	
Sample_55	0.043607	0.0	0.492108	0.014129	0.009932	6.3e-05	0.006861	0.092929	0.017202	0.017678	0.305491	
Sample_56	0.030791	0.002306	0.509638	0.013079	0.007205	0.006087	0.01814	0.091826	0.005647	0.020893	0.294386	
Sample_57	0.037515	0.0	0.516576	0.007152	0.010552	0.002813	0.016422	0.080005	0.01987	0.0233	0.285796	
Sample_58	0.055206	0.000614	0.493457	0.001315	0.022334	0.009852	0.014591	0.059448	0.00688	0.001271	0.335033	
Sample_59	0.11422	0.00063	0.440122	0.008959	0.004953	0.016863	0.018682	0.081453	0.030102	0.008279	0.275737	
Sample_60	0.054037	0.0	0.368359	9.4e-05	0.087911	0.017651	0.009219	0.103152	0.085128	0.009862	0.264587	
Sample_61	0.065712	0.0	0.320498	0.020127	0.021503	0.009603	0.016654	0.107209	0.025865	0.046284	0.366545	
Sample_62	0.064967	0.000576	0.345345	0.013398	0.017654	0.006454	0.008451	0.120446	0.023065	0.023626	0.376018	
Sample_63	0.084432	0.0	0.316553	0.000162	0.018953	0.030228	0.014585	0.106285	0.028691	0.02117	0.378941	
Sample_64	0.099406	0.0	0.345108	0.011165	0.020789	0.012315	0.025824	0.104342	0.020439	0.013328	0.347285	
Sample_65	0.083337	0.0	0.348589	0.02142	0.020134	0.007221	0.015661	0.12542	0.042724	0.007829	0.327664	
Sample_66	0.060172	0.0	0.339658	0.021859	0.034844	0.000195	0.000204	0.154704	0.01666	0.000625	0.371078	
Sample_67	0.073741	0.0	0.335265	0.000188	0.01128	0.007579	0.022292	0.160279	0.011743	0.025433	0.352199	
Sample_68	0.123098	0.0	0.29037	0.008076	0.040538	0.017911	0.0001	0.121029	0.012049	0.031723	0.355107	
Sample_69	0.114365	0.000681	0.317782	0.007691	0.014692	0.009254	0.009003	0.14036	0.021983	0.022166	0.342023	
Sample_70	0.048208	0.001136	0.397973	0.000163	0.020496	0.019045	0.016668	0.079248	0.010959	0.006671	0.399434	
Sample_71	0.093719	0.0	0.330463	0.039749	0.022373	0.024531	0.018645	0.13925	0.005358	0.017482	0.308429	
Sample_72	0.112779	0.0	0.345906	0.023263	0.018905	0.025402	0.005462	0.15024	0.008667	0.028901	0.280474	
Sample_73	0.070488	0.0	0.387201	0.022035	0.005767	0.008636	0.009602	0.14816	0.00244	0.029324	0.316347	
Sample_74	0.137145	0.0	0.376321	5.1e-05	0.032683	6.5e-05	0.000219	0.127214	0.000507	0.037588	0.288206	
Sample_75	0.050389	0.0	0.38849	0.005026	0.027161	0.005686	0.004386	0.179702	0.043055	0.01092	0.285185	
Sample_76	0.056174	0.0	0.335731	0.011317	0.02028	0.011247	0.014653	0.144806	0.075505	0.016458	0.313829	
Sample_77	0.141111	0.0	0.361284	0.013873	0.012454	0.030773	0.002928	0.196769	0.02902	0.019286	0.192503	
Sample_78	0.073687	0.0	0.398764	0.004624	0.021992	0.026219	0.000181	0.220976	0.047923	0.029759	0.175873	
Sample_79	0.142868	0.002288	0.303033	0.00765	0.017098	0.013596	0.025822	0.243413	0.01851	0.040064	0.185658	
Sample_80	0.190161	0.00451	0.16032	0.127719	0.031582	0.015079	0.034592	0.01644	0.094964	0.121405	0.203229	
Sample_81	0.07144	0.033316	0.176828	0.127625	0.005809	0.062436	0.032081	0.033146	0.114395	0.14963	0.193294	
Sample_82	0.079746	0.0	0.231435	0.052332	0.098633	0.018343	0.045146	0.075993	0.105626	0.100358	0.192388	
Sample_83	0.434235	0.0	0.036223	0.020478	0.026425	0.012906	0.0226	0.127232	0.030582	0.033395	0.255924	
Sample_84	0.486206	0.0	0.133063	0.005004	0.018844	0.014223	0.008812	0.071367	0.020085	0.012589	0.229806	
Sample_85	0.622689	0.0	0.21194	0.007279	0.016997	0.008819	0.004832	0.029188	0.010036	0.004589	0.083633	
Sample_86	0.311866	0.001299	0.164897	0.018674	0.097135	0.018296	0.019414	0.064592	0.043103	0.021162	0.239563	
Sample_87	0.325732	0.0	0.256015	0.008546	0.009763	0.031795	0.00962	0.073147	0.003589	0.003292	0.2785	
Sample_88	0.233665	0.0	0.302942	0.008239	0.099485	0.025942	0.004766	0.113298	0.028022	0.000175	0.183467	
Sample_89	0.067044	0.001631	0.183995	0.007486	0.046838	0.0151	0.01905	0.30755	0.049704	0.008452	0.293149	
Sample_90	0.068552	0.0	0.1302	0.020484	0.024412	0.015729	0.03869	0.386233	0.001552	0.039543	0.274605	
Sample_91	0.01846	0.090395	0.261855	0.007468	0.007849	0.00641	0.00938	0.3798	0.007395	0.027526	0.183462	
Sample_92	0.02904	0.0	0.053681	0.025591	0.056095	0.014669	0.019029	0.568684	0.025196	0.018605	0.189412	
Sample_93	0.054549	0.0	0.097435	0.00737	0.004289	0.003313	0.012347	0.782013	0.006171	0.017139	0.015373	
Sample_94	0.035498	0.350369	0.135919	4.8e-05	0.017613	0.014733	0.015426	0.115333	0.054024	0.011623	0.249411	
Sample_95	0.008485	0.338229	0.110408	0.004596	0.014469	0.027975	0.023564	0.070576	0.029907	0.011913	0.359877	
Sample_96	0.134402	0.436754	0.023343	5.8e-05	0.028123	0.017696	0.004161	0.031435	0.013174	0.006226	0.304628	
Sample_97	0.011943	0.506416	0.190749	0.015986	0.000406	0.008472	0.002124	0.038831	0.012109	0.00013	0.212834	
Sample_98	0.029377	0.570805	0.182654	0.003093	0.000461	0.012565	0.007199	0.019906	0.000159	0.004793	0.168989	
Sample_99	0.032909	0.532889	0.066455	0.029078	0.028709	0.052583	0.032008	0.066504	0.007485	0.00024	0.15114	
Sample_100	0.035239	0.521736	0.200228	0.006364	0.007916	0.017201	0.005552	0.09348	0.013072	0.007937	0.091275	
Sample_101	0.042677	0.519617	0.279608	0.007744	0.007709	0.014242	0.012637	0.050478	0.002915	0.01372	0.048654	
Sample_102	0.002971	0.448487	0.275417	0.027572	0.00331	0.003179	0.000161	0.074843	0.005862	0.012768	0.14543	
Sample_103	0.041312	0.439885	0.216733	0.000124	0.000215	0.009945	0.000329	0.172935	0.000924	0.000894	0.116706	
Sample_104	0.02723	0.237102	0.351331	0.009669	0.005296	0.017436	6.8e-05	0.08271	0.027721	0.008748	0.232689	
Sample_105	0.033299	0.233426	0.314777	0.008545	0.013423	0.020022	0.028139	0.080499	0.021108	0.024893	0.22187	
Sample_106	0.01802	0.249092	0.288654	0.00965	0.008868	0.010457	0.003911	0.095315	0.006158	0.031983	0.277892	
Sample_107	0.065751	0.162533	0.312364	0.011248	0.009692	0.017745	0.002897	0.144305	0.006882	0.017686	0.248899	
Sample_108	0.022882	0.271941	0.39299	0.007896	0.017013	0.00415	0.015017	0.042832	0.006103	0.044845	0.174331	
Sample_109	0.050458	0.21619	0.409462	0.02778	0.006578	0.009128	0.002153	0.055781	0.015278	0.015041	0.192151	
Sample_110	0.060267	0.370566	0.353817	0.002718	0.004199	0.016809	0.000364	0.031277	0.008525	0.008228	0.14323	
Sample_111	0.057905	0.325786	0.259815	0.002445	0.003628	0.016435	0.018477	0.095012	0.002607	0.010102	0.207787	
Sample_112	0.032634	0.000134	0.022489	0.004501	0.01477	0.000284	0.82947	0.063198	4.7e-05	0.023352	0.009121	
Sample_113	0.004544	0.002995	0.001662	0.00257	4.3e-05	0.982277	1.4e-05	0.000178	0.002348	0.002293	0.001076	
