	Predicted_signature_1	Predicted_signature_2	Predicted_signature_3	Predicted_signature_4	Predicted_signature_5	Predicted_signature_6	Predicted_signature_7	Predicted_signature_8	Predicted_signature_9	
Sample_1	0.124185	0.102178	0.045331	0.11428	0.17383	0.078425	0.174182	0.172136	0.015454	
Sample_2	2.1e-05	0.175989	0.006115	0.057787	0.055069	0.199222	0.198961	0.271437	0.035399	
Sample_3	0.011519	0.290294	0.039322	0.149552	0.038185	0.172104	0.201117	0.027035	0.070872	
Sample_4	0.050549	0.24253	0.034522	0.047449	0.144341	0.210081	0.121017	0.031878	0.117633	
Sample_5	0.081249	0.1361	0.084699	0.018344	0.045521	0.311084	0.170253	0.06084	0.091909	
Sample_6	0.065636	0.141485	0.021074	0.025291	0.091455	0.371926	0.190686	0.084027	0.008421	
Sample_7	0.123365	0.154458	0.046541	0.01771	0.127678	0.311491	0.066779	0.059234	0.092743	
Sample_8	0.066657	1.1e-05	4e-06	0.067957	0.046642	0.535482	0.080545	0.085463	0.117241	
Sample_9	0.04174	1.2e-05	5e-06	0.017748	0.05743	0.6179	0.08502	0.098757	0.081389	
Sample_10	0.037784	0.066027	0.014091	0.025537	0.030937	0.64321	0.061344	0.098531	0.022539	
Sample_11	0.019802	1.4e-05	0.005325	0.018503	0.040149	0.759431	0.04888	0.062806	0.045091	
Sample_12	7e-06	0.002236	0.008243	1.6e-05	0.011101	0.84467	0.061945	0.040863	0.030919	
Sample_13	0.008438	6e-06	0.005786	0.004532	0.006403	0.965648	2.3e-05	0.0	0.009164	
Sample_14	0.006344	7e-06	0.006244	0.005092	0.006631	0.965401	2.3e-05	0.0	0.010259	
Sample_15	5e-06	0.001771	0.001667	0.005336	0.001656	0.978305	0.003819	0.0	0.007442	
Sample_16	5e-06	0.002034	0.002003	0.006956	0.001983	0.977686	0.00229	0.0	0.007042	
Sample_17	0.021492	7e-06	0.003406	0.002563	0.003967	0.95258	0.00707	0.0	0.008914	
Sample_18	7e-06	0.028068	0.039915	0.097158	0.165952	0.156259	0.440385	0.032054	0.040202	
Sample_19	0.157132	1.2e-05	6e-06	0.086385	0.194809	0.031695	0.435187	0.0	0.094774	
Sample_20	0.113714	0.220841	0.013094	0.016899	0.140234	0.120162	0.3597	0.0	0.015355	
Sample_21	0.106558	0.233215	0.029848	0.01184	0.048575	0.107081	0.368496	0.0	0.094387	
Sample_22	0.1326	0.132484	0.066374	0.053307	0.048375	0.088054	0.373448	0.084821	0.020537	
Sample_23	0.050019	0.179559	0.021226	0.014201	0.125607	0.076957	0.4722	0.035041	0.02519	
Sample_24	0.084833	0.133233	6e-06	1.6e-05	0.165744	0.034448	0.581665	0.0	5.5e-05	
Sample_25	0.080798	0.245426	6e-06	2.6e-05	3e-05	0.006095	0.667593	0.0	2.5e-05	
Sample_26	1.3e-05	8e-06	4e-06	4e-05	1.9e-05	0.022515	0.977375	0.0	2.6e-05	
Sample_27	0.099057	6e-06	3e-06	0.026946	1.4e-05	4.7e-05	0.866844	0.0	0.007083	
Sample_28	1.3e-05	0.376479	0.028299	0.015375	3.4e-05	0.070634	0.383801	0.0	0.125366	
Sample_29	8e-06	0.981088	0.007005	0.011824	1e-05	2.9e-05	1.9e-05	0.0	1.6e-05	
Sample_30	1.1e-05	0.937893	0.006461	1.8e-05	0.010432	0.008633	0.015249	0.0	0.021303	
Sample_31	0.024406	0.875241	5e-06	0.021226	0.039838	0.03003	0.009225	0.0	2.8e-05	
Sample_32	0.008839	0.635195	4e-06	0.013696	0.231346	0.110871	1.8e-05	0.0	3.1e-05	
Sample_33	0.026431	0.360771	0.100183	0.041415	3.4e-05	0.049272	0.075381	0.128866	0.217646	
Sample_34	2e-05	0.397493	8e-06	0.05364	0.309654	0.033857	3.6e-05	0.0	0.205292	
Sample_35	4e-06	0.004512	0.008321	5e-06	1.3e-05	1.7e-05	0.004212	0.0	0.982916	
Sample_36	0.068893	0.002762	0.00977	0.00299	5e-06	1e-05	7e-06	0.0	0.915563	
Sample_37	0.019573	0.047555	0.025911	0.042441	0.042084	4.3e-05	0.070837	0.0	0.751555	
Sample_38	0.082503	8e-06	5e-06	2.3e-05	0.144774	3.2e-05	3e-05	0.0	0.772624	
Sample_39	0.054946	0.063409	0.136883	0.015749	0.075561	0.035937	0.063426	0.0	0.554089	
Sample_40	0.080053	0.099933	0.050678	0.054842	0.069975	0.044785	0.041029	0.0	0.558704	
Sample_41	1.1e-05	0.058393	5e-06	0.007871	2.2e-05	0.17497	5.4e-05	0.046825	0.711849	
Sample_42	0.060191	0.058765	0.072345	0.030482	0.176244	0.077695	0.095574	0.026663	0.40204	
Sample_43	0.032966	0.107806	0.035714	0.521405	0.054077	0.011351	0.220129	0.0	0.016551	
Sample_44	0.075485	0.072328	9e-06	0.490145	0.014954	0.075859	0.18316	0.02799	0.06007	
Sample_45	0.02652	1.7e-05	0.017742	0.626342	0.054913	0.048868	0.184298	0.0	0.0413	
Sample_46	0.018606	0.027011	0.101214	0.392644	0.138016	0.041659	0.23003	0.007695	0.043125	
Sample_47	0.076739	0.156619	0.065127	0.329627	0.115774	0.007538	0.170669	0.0	0.077907	
Sample_48	0.008052	0.009675	0.00558	0.908833	1.4e-05	0.003561	0.053102	0.0	0.011182	
Sample_49	0.015688	0.006985	0.020146	0.888296	0.004723	0.005173	0.045226	0.0	0.013764	
Sample_50	0.018138	0.016265	0.010274	0.887679	0.006377	0.018239	0.04302	0.0	8e-06	
Sample_51	0.044549	1.3e-05	0.014963	0.865254	0.005759	3.3e-05	0.069388	0.0	4.2e-05	
Sample_52	0.004932	0.003432	0.037304	0.917152	0.014188	3.2e-05	0.015677	0.007256	2.6e-05	
Sample_53	0.024145	0.005726	2e-06	0.897682	0.00845	1.7e-05	0.010966	0.0	0.053012	
Sample_54	2e-05	0.017003	0.031569	0.019921	0.863038	0.050786	4.7e-05	0.0	0.017616	
Sample_55	0.002444	0.008906	3e-06	0.05953	0.884665	0.044411	1.8e-05	0.0	2.4e-05	
Sample_56	7e-06	7e-06	0.01186	0.031581	0.956477	3.5e-05	1.9e-05	0.0	1.4e-05	
Sample_57	0.011726	8e-06	0.054029	0.029628	0.679367	0.113247	0.011987	0.099984	2.4e-05	
Sample_58	0.011636	0.006425	0.895766	1.4e-05	1.2e-05	1.8e-05	0.014035	0.0	0.072094	
Sample_59	0.028084	0.009677	0.802917	2.9e-05	1.4e-05	3.6e-05	0.159211	0.0	3.1e-05	
Sample_60	0.199312	0.009312	0.652495	0.023744	0.021558	3.5e-05	3e-05	0.008346	0.085168	
Sample_61	1.7e-05	1.7e-05	0.451623	0.087645	0.028315	0.189328	0.169145	0.019815	0.054094	
Sample_62	0.891789	0.007255	4e-06	0.005902	0.007682	5.7e-05	0.007417	0.0	0.079894	
Sample_63	0.883523	6e-06	0.013573	2.1e-05	0.006884	0.011019	0.007047	0.0	0.077926	
Sample_64	0.804554	0.008571	5e-06	0.11701	0.015631	0.013204	0.008617	0.0	0.032408	
Sample_65	0.092343	1.4e-05	0.018699	1.2e-05	0.016371	4.4e-05	3.9e-05	0.872459	1.9e-05	
Sample_66	0.081891	1.5e-05	0.017464	1.3e-05	0.017211	4.5e-05	4e-05	0.8833	2.1e-05	
Sample_67	0.0	0.0	0.0	0.0	0.0	1e-06	0.0	0.999833	0.000165	
Sample_68	2e-06	2e-06	1e-06	2e-06	5e-06	0.008107	0.00269	0.987479	0.001711	
