	Predicted_signature_1	Predicted_signature_2	Predicted_signature_3	Predicted_signature_4	Predicted_signature_5	Predicted_signature_6	Predicted_signature_7	
Sample_1	0.007305	0.237975	0.280499	0.359226	0.073655	0.019379	0.021961	
Sample_2	0.13523	0.017872	0.0102	0.828955	0.0	0.000924	0.006818	
Sample_3	0.080683	0.4249	0.096566	0.136491	0.0	0.006774	0.254585	
Sample_4	0.105218	0.447794	0.058693	0.114702	0.014496	0.049381	0.209717	
Sample_5	0.161326	0.464429	0.002711	0.120954	1e-06	0.003446	0.247132	
Sample_6	0.132563	0.405953	0.004542	0.179221	0.0	0.02034	0.257382	
Sample_7	0.042989	0.477802	0.025612	0.197434	0.0	0.030479	0.225684	
Sample_8	0.071264	0.495307	0.035006	0.161085	0.010755	0.026846	0.199737	
Sample_9	0.092501	0.48423	0.000798	0.203226	0.005114	0.042663	0.171468	
Sample_10	0.12258	0.408454	0.047139	0.211597	1e-06	0.019597	0.190633	
Sample_11	0.110604	0.409188	0.072298	0.22717	0.0	0.020461	0.160279	
Sample_12	0.082935	0.426027	0.049146	0.24295	0.022331	0.025707	0.150904	
Sample_13	0.104621	0.56211	0.024882	0.16584	1e-06	0.010817	0.131729	
Sample_14	0.098068	0.566452	0.000842	0.155689	0.0	0.026099	0.152849	
Sample_15	0.068888	0.563108	0.012225	0.185912	0.0	0.020647	0.149221	
Sample_16	0.151408	0.551982	0.000471	0.121805	1e-06	0.028583	0.145752	
Sample_17	0.138585	0.478392	0.052964	0.157569	1e-06	0.035424	0.137065	
Sample_18	0.067726	0.559304	0.051342	0.11202	1e-06	0.025791	0.183816	
Sample_19	0.109381	0.626393	0.02163	0.151057	0.003784	0.011049	0.076707	
Sample_20	0.121019	0.589788	0.021913	0.166974	1e-06	0.020089	0.080216	
Sample_21	0.10499	0.645834	0.034854	0.12278	1e-06	0.038203	0.053338	
Sample_22	0.085235	0.638425	0.052276	0.074995	0.016328	0.024354	0.108388	
Sample_23	0.003732	0.647351	0.074221	0.162057	1e-06	0.008098	0.10454	
Sample_24	0.042206	0.567144	0.073984	0.168184	1e-06	0.011533	0.136947	
Sample_25	0.060523	0.612199	0.059815	0.148504	1e-06	0.027089	0.091869	
Sample_26	0.046525	0.657003	0.042142	0.127849	0.0	0.010527	0.115954	
Sample_27	0.064436	0.614845	0.013152	0.162304	1e-06	0.035159	0.110103	
Sample_28	0.026098	0.532569	0.124685	0.217489	1e-06	0.01091	0.088248	
Sample_29	0.000654	0.56829	0.106637	0.249681	0.010899	0.018655	0.045184	
Sample_30	0.000851	0.609223	0.069084	0.23459	0.0	0.00011	0.086141	
Sample_31	0.000852	0.623987	0.076339	0.241444	1e-06	0.00267	0.054707	
Sample_32	0.002109	0.599831	0.037447	0.253932	2e-06	0.018831	0.087848	
Sample_33	0.046703	0.626501	0.035409	0.22838	0.019136	0.024442	0.019429	
Sample_34	0.087153	0.498101	0.02837	0.238937	0.0	0.009552	0.137887	
Sample_35	0.032367	0.537559	0.023823	0.237823	0.0	0.001951	0.166477	
Sample_36	0.081238	0.53961	0.03987	0.218775	0.0	0.023288	0.097218	
Sample_37	0.090237	0.537297	0.066769	0.207886	1e-06	7.3e-05	0.097737	
Sample_38	0.051947	0.533915	0.087013	0.220732	1e-06	0.014011	0.092382	
Sample_39	0.060732	0.539625	0.066917	0.22131	0.0	0.012516	0.098899	
Sample_40	0.073711	0.588911	0.019018	0.205121	0.002009	0.010668	0.100561	
Sample_41	0.071991	0.57447	0.047872	0.194581	0.010486	0.008097	0.092504	
Sample_42	0.076068	0.550291	0.049365	0.192424	1e-06	0.006118	0.125733	
Sample_43	0.041687	0.613043	0.010553	0.239869	0.0	0.014792	0.080057	
Sample_44	0.061754	0.587325	0.034099	0.240365	1e-06	0.011488	0.064969	
Sample_45	0.056132	0.543542	0.034152	0.252547	0.002235	0.01722	0.094172	
Sample_46	0.118768	0.482083	0.014914	0.303645	1e-06	0.021937	0.058652	
Sample_47	0.051618	0.449507	0.001993	0.331794	1e-06	0.033709	0.131379	
Sample_48	0.005573	0.574054	0.056506	0.360029	0.0	1.4e-05	0.003824	
Sample_49	0.017376	0.521689	0.064058	0.287435	0.002847	0.049297	0.057297	
Sample_50	0.003733	0.494811	0.062285	0.410465	0.0	0.00091	0.027795	
Sample_51	0.00753	0.475857	0.0767	0.392035	0.001025	0.006779	0.040075	
Sample_52	0.046672	0.418692	0.115634	0.251336	1e-06	0.000169	0.167497	
Sample_53	0.029664	0.441366	0.093073	0.29366	1e-06	0.024072	0.118164	
Sample_54	0.03903	0.381066	0.078649	0.372322	1e-06	0.003111	0.125822	
Sample_55	0.179499	0.356418	0.016667	0.133458	0.002857	0.111765	0.199336	
Sample_56	0.164721	0.361969	0.144616	0.115664	1e-06	0.042514	0.170515	
Sample_57	0.209374	0.461228	0.056149	0.06703	1e-06	0.108202	0.098017	
Sample_58	0.277038	0.463109	0.034909	0.04049	1e-06	0.07553	0.108924	
Sample_59	0.016145	0.294485	0.069084	0.263182	0.004899	0.019894	0.332312	
Sample_60	0.179039	0.279892	0.03642	0.229494	0.0	0.034517	0.240637	
Sample_61	0.04705	0.463555	0.000495	0.092392	0.009338	0.016185	0.370986	
Sample_62	0.096747	0.383122	0.025091	0.05838	0.001487	0.008226	0.426947	
Sample_63	0.000695	0.405645	0.034615	0.127129	0.007203	0.291954	0.13276	
Sample_64	0.013635	0.153643	0.029281	0.124886	0.0	0.02658	0.651975	
Sample_65	0.009582	0.172209	0.008605	0.058489	0.014095	0.00957	0.727449	
Sample_66	0.106538	0.2347	0.018303	0.096372	0.003913	0.013146	0.527028	
Sample_67	0.003623	0.016687	0.006305	0.01039	0.102891	0.015022	0.845083	
Sample_68	0.000475	0.100646	0.084643	0.009769	0.028504	0.766164	0.0098	
Sample_69	0.000929	0.072572	0.06749	0.018198	0.013339	0.739491	0.087981	
Sample_70	0.017292	0.098332	0.018043	0.01006	1e-06	0.827204	0.029067	
Sample_71	0.009927	0.044059	0.011877	0.000334	0.0	0.92982	0.003983	
Sample_72	0.659518	0.114854	0.05491	0.071195	0.080051	0.009202	0.01027	
Sample_73	0.572801	0.050458	0.015018	0.294884	0.00688	0.002679	0.05728	
Sample_74	0.270617	0.057001	0.109548	0.253253	0.263936	0.00586	0.039786	
Sample_75	0.247872	0.047774	0.358078	0.102765	0.163047	0.008399	0.072065	
Sample_76	0.086447	0.01995	0.643074	0.086999	0.139944	0.004563	0.019023	
Sample_77	0.022614	0.026346	0.146909	0.006813	0.746396	0.005326	0.045596	
Sample_78	0.018575	0.026139	0.189686	0.023122	0.707634	0.00771	0.027134	
Sample_79	0.000146	0.010585	0.221698	0.041599	0.656463	0.005469	0.06404	
Sample_80	0.0001	0.011598	0.312013	0.002136	0.644301	0.006937	0.022914	
Sample_81	0.016721	0.006867	0.270852	0.022605	0.615514	0.007563	0.059878	
Sample_82	0.058799	0.013807	0.054263	0.018463	0.820011	0.008916	0.025739	
Sample_83	0.064525	0.011369	0.105806	0.009129	0.765434	0.008727	0.035009	
Sample_84	0.000104	0.005833	0.095307	0.040453	0.822443	0.010925	0.024935	
Sample_85	0.002079	0.017231	0.045612	0.042922	0.866728	0.002578	0.022849	
Sample_86	0.025824	0.01581	0.038909	0.01785	0.88021	0.007057	0.01434	
Sample_87	0.006295	0.008674	0.030007	0.020898	0.866253	0.007535	0.060337	
Sample_88	0.028928	0.009001	0.020878	0.061251	0.850153	0.01043	0.01936	
Sample_89	0.005266	0.012382	0.00318	0.072132	0.871905	0.013939	0.021196	
