-214275.814311
0
0.005755 0.000006 0.001551 0.000000 0.000000 0.000000 0.000000 0.004392 0.009434 0.007465 0.000073 0.003832 0.000000 0.006226 0.009337 0.011793 0.001679 0.030337 0.000014 0.010320 0.000000 0.000000 0.000000 0.000000 0.067749 0.036041 0.154363 0.041181 0.000000 0.000000 0.000000 0.000000 0.029526 0.009140 0.003661 0.019202 0.000000 0.000000 0.000000 0.000000 0.000810 0.075695 0.037659 0.108901 0.000000 0.000001 0.000000 0.000000 0.005301 0.008002 0.000000 0.000003 0.000000 0.000000 0.000000 0.000000 0.016624 0.000453 0.012202 0.004086 0.000000 0.000000 0.000000 0.000000 0.000000 0.042406 0.027711 0.026747 0.000000 0.000000 0.000000 0.000000 0.017646 0.026125 0.020477 0.023227 0.000000 0.000000 0.000000 0.007625 0.021407 0.018163 0.002310 0.000026 0.000000 0.009759 0.000000 0.000000 0.000002 0.013899 0.009657 0.000000 0.000000 0.000000 0.000000 0.000000 
0.026462 0.012618 0.029565 0.013441 0.003361 0.004601 0.004889 0.001740 0.002304 0.002424 0.004515 0.000017 0.000000 0.000000 0.003703 0.000000 0.005249 0.000002 0.001304 0.004047 0.000000 0.000000 0.000000 0.000000 0.031408 0.032810 0.030505 0.013373 0.008492 0.009030 0.002880 0.006336 0.002702 0.002119 0.008038 0.006737 0.000000 0.002625 0.000000 0.000000 0.000001 0.000000 0.000000 0.000000 0.000000 0.001187 0.000000 0.000000 0.057374 0.158003 0.116974 0.046304 0.003960 0.010287 0.013743 0.000000 0.020183 0.032007 0.041662 0.017264 0.000000 0.005606 0.000000 0.000000 0.000000 0.000000 0.000000 0.002270 0.000000 0.000000 0.000000 0.000000 0.023590 0.059608 0.026241 0.023518 0.007767 0.007462 0.002786 0.004297 0.011873 0.010589 0.004416 0.004678 0.000000 0.005228 0.000000 0.000000 0.000661 0.003163 0.000000 0.000000 0.000000 0.000000 0.000000 0.000000 
0.000001 0.000004 0.000000 0.000000 0.000000 0.000000 0.000000 0.005348 0.030170 0.005123 0.020792 0.004667 0.014064 0.014495 0.000000 0.003634 0.016373 0.000005 0.000015 0.001657 0.000000 0.000000 0.000000 0.000000 0.000013 0.029236 0.000001 0.076762 0.000000 0.000000 0.000000 0.000000 0.007623 0.019975 0.028984 0.008449 0.001264 0.004510 0.000000 0.011494 0.008055 0.000000 0.000000 0.000000 0.000000 0.007741 0.000000 0.000000 0.000002 0.000000 0.000000 0.005185 0.000000 0.015340 0.000000 0.004206 0.096506 0.143352 0.084063 0.034607 0.003964 0.003786 0.000000 0.005979 0.046151 0.031333 0.032677 0.025926 0.000000 0.000000 0.000000 0.000000 0.000003 0.000009 0.000001 0.015574 0.000000 0.000000 0.000000 0.000465 0.015267 0.011444 0.022618 0.013836 0.000000 0.000001 0.000000 0.004672 0.024469 0.000000 0.034597 0.000000 0.003513 0.000000 0.000000 0.000000 
0.003068 0.001820 0.000000 0.000000 0.000000 0.000000 0.000000 0.000000 0.064333 0.044502 0.002527 0.069853 0.000000 0.000000 0.001723 0.000000 0.000054 0.000003 0.000009 0.000008 0.000000 0.000000 0.000000 0.000000 0.000007 0.000009 0.000000 0.000022 0.000588 0.002280 0.000000 0.000719 0.127843 0.117274 0.026280 0.129496 0.000000 0.000000 0.000000 0.002006 0.000000 0.000000 0.000000 0.000000 0.000000 0.001069 0.000000 0.000000 0.001833 0.004027 0.001675 0.000002 0.000000 0.000000 0.000000 0.000000 0.070165 0.034346 0.012178 0.062763 0.000000 0.000000 0.000000 0.000000 0.000000 0.000000 0.000000 0.000000 0.000000 0.000000 0.000000 0.000000 0.008654 0.000927 0.000001 0.002059 0.000000 0.000000 0.000980 0.001881 0.061926 0.040024 0.031381 0.068083 0.000000 0.000000 0.000000 0.000000 0.000001 0.000000 0.001598 0.000000 0.000000 0.000000 0.000000 0.000000 
0.000001 0.006799 0.000000 0.008030 0.000000 0.006574 0.004509 0.000000 0.016244 0.013689 0.006509 0.007926 0.001970 0.000000 0.000000 0.000000 0.008255 0.024329 0.088554 0.033107 0.000000 0.000000 0.006009 0.003370 0.000009 0.000013 0.000000 0.000032 0.000000 0.000000 0.006427 0.000000 0.005779 0.012143 0.033018 0.011547 0.000000 0.000000 0.000000 0.000000 0.022926 0.048045 0.138864 0.031010 0.001749 0.000001 0.019339 0.000000 0.000002 0.000000 0.000000 0.010760 0.005899 0.000000 0.007512 0.000000 0.013261 0.005685 0.001085 0.017179 0.000000 0.000000 0.000000 0.000000 0.036426 0.060006 0.063496 0.044043 0.000000 0.003396 0.006429 0.006013 0.000003 0.000005 0.000001 0.000008 0.000000 0.000000 0.000000 0.000000 0.000023 0.006010 0.015978 0.004191 0.000000 0.000001 0.000000 0.000000 0.005958 0.034798 0.025498 0.046995 0.000000 0.005048 0.005549 0.001966 
0.011017 0.010207 0.000000 0.014543 0.000000 0.002807 0.001397 0.000000 0.000033 0.002930 0.000025 0.005175 0.000000 0.002817 0.006492 0.002622 0.030834 0.008379 0.056116 0.000011 0.003926 0.000000 0.009058 0.000000 0.014917 0.023377 0.000406 0.012269 0.004629 0.004956 0.000000 0.001322 0.001818 0.014881 0.000080 0.005733 0.021875 0.070757 0.132639 0.000000 0.014700 0.039122 0.048514 0.005769 0.004376 0.000001 0.050006 0.000000 0.011586 0.007275 0.000000 0.010488 0.002097 0.000000 0.000000 0.000000 0.003691 0.010502 0.001044 0.003163 0.000000 0.023001 0.030256 0.005579 0.022775 0.015060 0.011883 0.000000 0.007899 0.000000 0.014058 0.000000 0.006942 0.016415 0.000001 0.017559 0.003733 0.000000 0.000000 0.000000 0.003389 0.007481 0.002631 0.009569 0.000000 0.004542 0.018223 0.000000 0.017688 0.014001 0.033890 0.005998 0.000000 0.000000 0.017045 0.000000 
0.014779 0.006532 0.011907 0.000000 0.000000 0.004222 0.000000 0.000000 0.003019 0.007101 0.013745 0.000039 0.012518 0.030287 0.003337 0.007296 0.037872 0.018845 0.021145 0.045276 0.000000 0.010280 0.006758 0.018424 0.008330 0.006815 0.009819 0.002474 0.000000 0.002320 0.008800 0.011165 0.055360 0.019626 0.000303 0.000268 0.026525 0.011313 0.000000 0.023842 0.003217 0.000000 0.000000 0.020091 0.007742 0.010605 0.021107 0.036695 0.009461 0.000000 0.000000 0.012391 0.000000 0.000000 0.000000 0.020668 0.017021 0.037630 0.001312 0.001666 0.000000 0.000000 0.000000 0.000000 0.000000 0.000001 0.000001 0.000000 0.002076 0.004081 0.000944 0.014884 0.016520 0.009507 0.007666 0.006819 0.000000 0.025846 0.000000 0.039988 0.044799 0.023773 0.017420 0.011291 0.000000 0.010028 0.000000 0.000000 0.008077 0.000000 0.000001 0.000000 0.020381 0.018774 0.011697 0.045475 
0.000000 0.001289 0.000000 0.000000 0.000000 0.003522 0.000000 0.000000 0.000015 0.006898 0.206426 0.007213 0.000000 0.005416 0.000000 0.000000 0.006264 0.001778 0.004516 0.003108 0.000000 0.000000 0.000000 0.000000 0.003815 0.004492 0.000000 0.008720 0.000000 0.000000 0.000000 0.000000 0.002875 0.000367 0.215070 0.000717 0.000000 0.004985 0.000000 0.000000 0.000001 0.000000 0.000000 0.000000 0.000000 0.004001 0.000000 0.008500 0.000850 0.004180 0.000000 0.003494 0.000000 0.000000 0.000000 0.000000 0.006615 0.027888 0.286122 0.022589 0.000000 0.002797 0.000000 0.000000 0.013143 0.000000 0.000000 0.000000 0.000000 0.000000 0.000000 0.000000 0.000001 0.001747 0.001594 0.001929 0.001068 0.003015 0.002278 0.000000 0.000011 0.010854 0.104326 0.000012 0.000000 0.003176 0.000000 0.000000 0.002320 0.000000 0.000000 0.000000 0.000000 0.000000 0.000000 0.000000 
0.017905 0.029867 0.013551 0.008337 0.012806 0.000000 0.005713 0.010017 0.016841 0.012496 0.027765 0.012169 0.000000 0.000000 0.000000 0.000000 0.057658 0.008443 0.055325 0.019341 0.004008 0.011558 0.000000 0.000000 0.033989 0.023673 0.016366 0.015030 0.007741 0.014955 0.010244 0.020965 0.015073 0.007086 0.029782 0.016815 0.000000 0.000000 0.000000 0.000000 0.015565 0.000000 0.016972 0.000000 0.000000 0.012120 0.000000 0.012726 0.027546 0.000000 0.006801 0.015241 0.000000 0.019604 0.000000 0.007088 0.002098 0.004560 0.000487 0.023262 0.000000 0.000000 0.011046 0.004005 0.000000 0.000000 0.015915 0.009612 0.000000 0.007785 0.005002 0.000000 0.017121 0.027940 0.013099 0.020255 0.016677 0.010930 0.007403 0.015445 0.007954 0.022495 0.000973 0.022245 0.000000 0.000444 0.000000 0.010103 0.018982 0.006076 0.022245 0.000000 0.000000 0.006657 0.000000 0.000000 
0.000000 0.003080 0.000000 0.000000 0.000000 0.000000 0.000000 0.001259 0.001957 0.001491 0.001290 0.002096 0.035946 0.014334 0.085633 0.015665 0.004815 0.001396 0.004423 0.001147 0.000000 0.000000 0.002322 0.000000 0.003923 0.000007 0.000000 0.004945 0.000000 0.000000 0.000000 0.000000 0.003496 0.008739 0.005024 0.007033 0.052280 0.060702 0.256228 0.071038 0.000889 0.000000 0.000000 0.002727 0.000000 0.000834 0.002611 0.001307 0.000001 0.000000 0.001173 0.000002 0.000000 0.000000 0.000000 0.000000 0.000229 0.000181 0.001708 0.002251 0.048312 0.016518 0.059057 0.011665 0.004998 0.001121 0.001193 0.000000 0.000000 0.000000 0.002976 0.000882 0.002966 0.000004 0.002388 0.000006 0.001350 0.000926 0.000530 0.000000 0.001939 0.005054 0.001100 0.000039 0.038985 0.031929 0.074946 0.023972 0.000001 0.000000 0.000000 0.000000 0.000000 0.001306 0.001654 0.000000 
0.000000 0.000001 0.000000 0.000000 0.000000 0.000000 0.000000 0.000000 0.003043 0.065082 0.014527 0.018160 0.000000 0.000000 0.000000 0.000000 0.000611 0.000120 0.000401 0.000106 0.000000 0.000000 0.000000 0.000000 0.000243 0.000866 0.000522 0.000711 0.000000 0.000000 0.000000 0.000000 0.036293 0.231537 0.033213 0.132379 0.000223 0.000000 0.000000 0.000000 0.000000 0.000000 0.000415 0.000000 0.000000 0.000000 0.000000 0.000000 0.000000 0.000000 0.000000 0.000000 0.000000 0.000000 0.000000 0.000000 0.046310 0.221102 0.032605 0.111117 0.000000 0.000227 0.000000 0.000000 0.000000 0.000523 0.000000 0.000512 0.000000 0.000000 0.000126 0.000000 0.000001 0.000232 0.000124 0.000002 0.000000 0.000000 0.000000 0.000000 0.000318 0.042411 0.000013 0.005542 0.000000 0.000000 0.000000 0.000000 0.000000 0.000256 0.000000 0.000000 0.000000 0.000000 0.000126 0.000000 
0.000010 0.000530 0.000000 0.000000 0.000007 0.071655 0.027499 0.010715 0.008620 0.880965 0.000000 
0.051843 0.783350 0.000000 0.000000 0.000012 0.072919 0.057090 0.000006 0.000057 0.034721 0.000000 
0.000004 0.000236 0.000000 0.342908 0.000002 0.000000 0.011692 0.000002 0.000013 0.000003 0.645140 
0.132292 0.121914 0.186082 0.147200 0.000013 0.000000 0.000017 0.000007 0.374345 0.038130 0.000000 
0.023136 0.016191 0.196369 0.000000 0.079020 0.000000 0.048505 0.601323 0.003155 0.006899 0.025403 
0.000014 0.003761 0.000000 0.000000 0.152103 0.000000 0.000009 0.841958 0.000027 0.002127 0.000000 
0.000016 0.004748 0.000000 0.000000 0.167058 0.000000 0.000009 0.826179 0.000027 0.001962 0.000000 
0.082443 0.412220 0.000000 0.054560 0.000010 0.000000 0.025053 0.020890 0.342084 0.062740 0.000000 
0.012716 0.043222 0.073058 0.000000 0.031632 0.139507 0.000013 0.069130 0.589215 0.041506 0.000000 
0.000020 0.715709 0.065209 0.018452 0.078268 0.011141 0.069046 0.015258 0.000044 0.026853 0.000000 
0.112099 0.340200 0.000000 0.119290 0.080181 0.000000 0.210636 0.044996 0.092550 0.000047 0.000000 
0.173151 0.149673 0.068115 0.000000 0.045950 0.000000 0.220512 0.000006 0.229677 0.097759 0.015158 
0.000019 0.202079 0.000000 0.058960 0.090358 0.000000 0.433499 0.063664 0.141143 0.010279 0.000000 
0.055505 0.759671 0.000000 0.000000 0.000009 0.000000 0.035379 0.034999 0.066202 0.048234 0.000000 
0.261805 0.086545 0.000000 0.000001 0.000011 0.000000 0.000015 0.000006 0.498968 0.087973 0.064676 
0.000032 0.241273 0.132872 0.000000 0.066740 0.000000 0.218875 0.000008 0.170154 0.056775 0.113269 
0.111226 0.216545 0.000000 0.092720 0.044880 0.065357 0.000017 0.054320 0.377975 0.036961 0.000000 
0.078266 0.187337 0.148772 0.058121 0.055483 0.125110 0.156443 0.000005 0.144202 0.046260 0.000000 
0.000007 0.960034 0.000000 0.000000 0.000005 0.000000 0.012244 0.000003 0.010244 0.017463 0.000000 
0.002303 0.544078 0.243958 0.057460 0.040267 0.080649 0.000015 0.000008 0.031209 0.000053 0.000000 
0.156119 0.281736 0.000000 0.180296 0.000012 0.161541 0.099732 0.046428 0.000049 0.074088 0.000000 
0.109359 0.050993 0.000000 0.000000 0.000014 0.114520 0.026360 0.022152 0.505085 0.076337 0.095178 
0.038051 0.875100 0.000000 0.025964 0.000005 0.000000 0.000012 0.040804 0.000031 0.020034 0.000000 
0.035278 0.148342 0.000000 0.000000 0.131230 0.000000 0.024703 0.205530 0.361787 0.022415 0.070713 
0.000019 0.150881 0.020374 0.051457 0.179644 0.000000 0.048484 0.037910 0.472019 0.039212 0.000000 
0.000006 0.005444 0.000000 0.094374 0.293327 0.000000 0.087300 0.234208 0.260514 0.011206 0.013622 
0.000027 0.000156 0.000000 0.000000 0.201566 0.089583 0.635370 0.058479 0.000048 0.000023 0.014748 
0.086788 0.115076 0.053025 0.039031 0.135917 0.124570 0.143268 0.106574 0.195712 0.000040 0.000000 
0.041926 0.109529 0.000000 0.061227 0.227430 0.039922 0.043670 0.198426 0.243642 0.012331 0.021897 
0.044040 0.000255 0.289020 0.280380 0.000009 0.035796 0.027177 0.021531 0.301724 0.000067 0.000000 
0.047253 0.152018 0.000000 0.000000 0.054497 0.080695 0.261931 0.000008 0.381824 0.000049 0.021724 
0.040563 0.054735 0.038281 0.022916 0.080660 0.174429 0.058361 0.100155 0.355834 0.074065 0.000000 
0.019383 0.111278 0.000000 0.087146 0.094391 0.150414 0.473589 0.063696 0.000058 0.000044 0.000000 
0.093427 0.138597 0.000000 0.029540 0.000010 0.210801 0.146509 0.000005 0.333717 0.000043 0.047351 
0.121428 0.029762 0.000000 0.000000 0.047975 0.000000 0.158461 0.025669 0.561144 0.055560 0.000000 
0.000001 0.000012 0.000000 0.169163 0.000000 0.000000 0.000000 0.004486 0.000001 0.000511 0.825826 
0.097463 0.252061 0.000000 0.012536 0.000014 0.050558 0.165892 0.004610 0.332695 0.058304 0.025867 
0.000012 0.036216 0.003486 0.000000 0.000007 0.174051 0.010293 0.023330 0.053129 0.699475 0.000000 
0.017652 0.023263 0.000000 0.000001 0.053366 0.042593 0.000017 0.000006 0.142126 0.720977 0.000000 
0.005568 0.120087 0.000000 0.000000 0.000005 0.046995 0.000004 0.000002 0.000018 0.827321 0.000000 
0.000011 0.124558 0.016744 0.000000 0.000007 0.056181 0.022337 0.000005 0.000031 0.780127 0.000000 
0.043339 0.029957 0.000000 0.000000 0.000010 0.000000 0.000008 0.000005 0.078174 0.848507 0.000000 
0.092273 0.745068 0.000000 0.000000 0.000008 0.000000 0.071975 0.000006 0.071669 0.019001 0.000000 
0.040405 0.074949 0.121577 0.083257 0.050266 0.035947 0.000015 0.477112 0.093517 0.003240 0.019716 
0.061021 0.139488 0.124632 0.087386 0.071777 0.003679 0.000012 0.379385 0.064077 0.068543 0.000000 
0.019642 0.067531 0.011450 0.000001 0.044601 0.000000 0.109118 0.027380 0.096136 0.624142 0.000000 
0.000031 0.116206 0.000000 0.000001 0.000016 0.166411 0.233696 0.052524 0.000067 0.431049 0.000000 
0.103301 0.533149 0.000000 0.026107 0.000012 0.000000 0.163422 0.033356 0.100506 0.040147 0.000000 
0.040117 0.000289 0.000000 0.225587 0.000015 0.000000 0.063503 0.000008 0.000053 0.003859 0.666569 
0.032772 0.000283 0.000000 0.212880 0.011832 0.000000 0.066470 0.000008 0.000063 0.007363 0.668329 
0.000025 0.057933 0.195891 0.000000 0.240499 0.000000 0.000015 0.505568 0.000047 0.000021 0.000000 
0.000024 0.059181 0.174931 0.000000 0.271750 0.000000 0.000013 0.494036 0.000043 0.000021 0.000000 
0.000027 0.077732 0.189352 0.000000 0.245720 0.000000 0.000018 0.487020 0.000056 0.000074 0.000000 
0.037417 0.037381 0.181262 0.042061 0.130338 0.000000 0.017315 0.514869 0.029276 0.010080 0.000000 
0.046671 0.033875 0.373636 0.016174 0.147538 0.005517 0.000002 0.357209 0.009212 0.005975 0.004190 
0.061497 0.119547 0.000000 0.007280 0.029556 0.408762 0.052873 0.000002 0.182585 0.137896 0.000000 
0.081189 0.071651 0.000000 0.000000 0.035627 0.478290 0.117399 0.027562 0.056452 0.131829 0.000000 
0.114527 0.022619 0.123762 0.236469 0.158301 0.000000 0.037306 0.000007 0.187399 0.119611 0.000000 
0.730337 0.033747 0.000000 0.000000 0.074910 0.000000 0.026405 0.065574 0.058613 0.010413 0.000000 
0.656988 0.025154 0.000000 0.000000 0.119292 0.000000 0.000012 0.000008 0.189881 0.008665 0.000000 
0.425831 0.000637 0.135558 0.000001 0.354644 0.000000 0.000014 0.000008 0.065093 0.018216 0.000000 
0.339428 0.049307 0.000000 0.000001 0.483808 0.000000 0.071706 0.000005 0.007482 0.011809 0.036455 
0.309462 0.117442 0.000000 0.159947 0.246108 0.000000 0.000015 0.000009 0.110087 0.056931 0.000000 
0.015730 0.042907 0.000000 0.000000 0.027914 0.677846 0.070643 0.000001 0.005128 0.159833 0.000000 
0.22972 0.398796 0.0870599 0.12354 0.203315 0.113146 0.210615 0.181933 0.26579 0.263291 0.0629667 
